1	10397.8049898	5154	9845
2	7054.43145701	11679	3320
3	6637.49417607	12172	2827
4	6799.22424333	11645	3354
5	6644.12535503	12135	2864
6	6009.30756068	12358	2641
7	5968.6238842	12397	2602
8	6000.49965069	12321	2678
9	5858.18731238	12450	2549
10	5961.79885239	12434	2565
0.278627488	0	0
0.451095413	0	0
0.250896256	0	0
0.708848463	1	0
0.233013740	0	0
0.059119215	0	0
0.231540823	0	0
0.096813884	0	0
0.112412711	0	0
0.097755665	0	0
0.329930817	0	0
0.203166768	0	0
0.762074342	1	1
0.813602889	1	1
0.454848715	0	0
0.333073287	0	0
0.076401641	0	0
0.830585511	1	1
0.199391332	0	0
0.656318550	1	0
0.068602981	0	0
0.412943454	0	0
0.257496516	0	0
0.981610321	1	1
0.947929053	1	1
0.174475064	0	0
0.399639744	0	0
0.392598639	0	0
0.196333800	0	1
0.482657871	0	1
0.557235333	1	0
0.491610902	0	0
0.955167924	1	1
0.065474187	0	0
0.781515906	1	0
0.177549089	0	0
0.704890934	1	0
0.409336308	0	1
0.729152785	1	0
0.805998399	1	1
0.098383513	0	0
0.403372284	0	0
0.445106959	0	0
0.262853439	0	0
0.296637193	0	0
0.880766659	1	1
0.287906819	0	1
0.376205542	0	0
0.220290464	0	0
0.967195528	1	1
0.060382467	0	0
0.679933443	1	0
0.080966141	0	0
0.570869617	1	1
0.982918133	1	1
0.152323782	0	0
0.971374752	1	1
0.729190154	1	1
0.413784405	0	1
0.339406914	0	0
0.149091023	0	0
0.163108858	0	0
0.087976703	0	0
0.500483604	1	0
0.732210337	1	1
0.961936900	1	1
0.226992809	0	1
0.200062323	0	0
0.115717583	0	0
0.970573205	1	1
0.121528397	0	0
0.703208489	1	0
0.221900951	0	0
0.104103916	0	0
0.842672144	1	0
0.979164327	1	1
0.647713974	1	1
0.207833141	0	0
0.080485660	0	0
0.804423763	1	1
0.094946241	0	0
0.400345331	0	0
0.961011458	1	0
0.841518635	1	1
0.368618248	0	0
0.948734638	1	1
0.972507942	1	1
0.097963303	0	1
0.968105041	1	1
0.841435617	1	0
0.262163589	0	0
0.948765975	1	1
0.552901172	1	0
0.884522724	1	1
0.734534391	1	1
0.643768978	1	1
0.080989858	0	0
0.238177659	0	0
0.133485984	0	0
0.317329019	0	0
0.081742266	0	0
0.236555698	0	0
0.920887667	1	1
0.160151242	0	0
0.923565640	1	1
0.954364471	1	1
0.550194500	1	1
0.089366061	0	1
0.058260943	0	0
0.280379229	0	0
0.740876239	1	1
0.223134401	0	0
0.566410469	1	0
0.656818208	1	0
0.140917426	0	0
0.288889911	0	0
0.123029064	0	0
0.446034811	0	0
0.492862411	0	0
0.758987865	1	0
0.182232740	0	0
0.971438012	1	1
0.103447404	0	0
0.484054948	0	0
0.928718354	1	1
0.712131923	1	0
0.176270189	0	0
0.581400702	1	0
0.800787238	1	1
0.079916716	0	0
0.958593646	1	0
0.757613524	1	0
0.395858452	0	0
0.060838044	0	0
0.276674829	0	1
0.167297970	0	0
0.844928244	1	1
0.922527247	1	0
0.789657598	1	0
0.132311050	0	0
0.848765225	1	1
0.862795298	1	1
0.489626085	0	0
0.962353039	1	1
0.128745662	0	0
0.083628032	0	0
0.313120154	0	0
0.595210145	1	1
0.073589659	0	0
0.651407281	1	1
0.091675953	0	0
0.964841573	1	1
0.127480954	0	0
0.495567911	0	1
0.281088538	0	0
0.876240686	1	0
0.269548029	0	0
0.745901648	1	1
0.431495257	0	1
0.326528630	0	0
0.205098825	0	0
0.432925532	0	0
0.781072340	1	1
0.384858116	0	1
0.120341582	0	0
0.981739939	1	1
0.210589895	0	0
0.084668569	0	1
0.237278726	0	0
0.538649032	1	0
0.225859750	0	0
0.910853932	1	1
0.823170285	1	1
0.912259155	1	1
0.619020513	1	0
0.232489121	0	0
0.348208399	0	0
0.144472846	0	0
0.495352149	0	1
0.849086237	1	0
0.530278086	1	0
0.692874577	1	1
0.160050962	0	0
0.779859103	1	1
0.262478766	0	0
0.340312322	0	0
0.796261075	1	1
0.971413556	1	1
0.161277383	0	0
0.100533889	0	0
0.263941864	0	0
0.054404902	0	0
0.997294740	1	1
0.960319575	1	1
0.613373486	1	1
0.101569077	0	0
0.569128339	1	0
0.848718560	1	1
0.845016962	1	0
0.215629929	0	0
0.695119231	1	1
0.152215457	0	0
0.166054460	0	1
0.130125119	0	0
0.282718661	0	0
0.252453932	0	0
0.670299267	1	0
0.268321072	0	0
0.417898247	0	0
0.275925503	0	0
0.160362821	0	0
0.184484434	0	0
0.327958907	0	1
0.120416280	0	0
0.090892430	0	0
0.826827975	1	0
0.383237828	0	0
0.194043252	0	0
0.150157343	0	0
0.496930150	0	0
0.268963930	0	0
0.677400057	1	1
0.364821328	0	0
0.417133379	0	0
0.140992842	0	1
0.074566896	0	0
0.071654291	0	0
0.918437168	1	1
0.942082883	1	1
0.612855472	1	0
0.099779365	0	0
0.376226983	0	1
0.088752486	0	0
0.033595873	0	0
0.254498616	0	0
0.763217259	1	1
0.089381565	0	0
0.174871411	0	1
0.390519408	0	1
0.290037722	0	1
0.137319735	0	0
0.508063919	1	0
0.989084741	1	1
0.312644632	0	1
0.161638882	0	0
0.104229529	0	0
0.146754508	0	0
0.099432621	0	0
0.474482306	0	1
0.339821339	0	0
0.483264161	0	0
0.386842144	0	1
0.967512144	1	1
0.213728945	0	0
0.839875433	1	1
0.491858369	0	1
0.497028698	0	0
0.054389665	0	0
0.971477550	1	1
0.603083436	1	1
0.060211295	0	0
0.466953250	0	0
0.980345330	1	1
0.198651123	0	0
0.965774093	1	1
0.673302113	1	1
0.126531323	0	0
0.132298653	0	0
0.035906932	0	0
0.206534361	0	0
0.573096132	1	1
0.756529934	1	1
0.656248600	1	1
0.337271714	0	1
0.541185935	1	0
0.992663863	1	1
0.161353170	0	0
0.048505552	0	0
0.403718319	0	0
0.972486849	1	1
0.224342416	0	0
0.595869346	1	1
0.227567908	0	0
0.226043869	0	0
0.297719416	0	0
0.736103103	1	0
0.120063161	0	0
0.826600978	1	1
0.615201484	1	0
0.351766391	0	0
0.924114741	1	0
0.059306259	0	0
0.264874633	0	0
0.189490131	0	0
0.164599595	0	0
0.775989478	1	1
0.780380640	1	1
0.129802832	0	0
0.939929112	1	1
0.721709195	1	1
0.123706172	0	0
0.100773009	0	0
0.131396758	0	0
0.961201952	1	1
0.761373298	1	1
0.774846745	1	1
0.519876577	1	1
0.510548918	1	1
0.980745349	1	1
0.064229529	0	1
0.997104579	1	1
0.587753712	1	1
0.517660425	1	0
0.541126567	1	0
0.138052497	0	0
0.963948998	1	1
0.802241762	1	1
0.646573497	1	0
0.520492800	1	1
0.101685765	0	0
0.266679765	0	0
0.847420970	1	1
0.821393196	1	1
0.062870520	0	0
0.372787630	0	0
0.091217758	0	0
0.463640386	0	0
0.867462592	1	1
0.502668869	1	1
0.285562771	0	0
0.504785895	1	1
0.162495644	0	1
0.569188611	1	1
0.899976274	1	1
0.111335386	0	0
0.422357437	0	1
0.280518916	0	0
0.111071732	0	0
0.687364008	1	1
0.871247926	1	1
0.107107000	0	0
0.710131262	1	1
0.903789393	1	1
0.640069268	1	1
0.366086341	0	0
0.834147527	1	0
0.477745189	0	0
0.571190923	1	1
0.208187581	0	1
0.542519639	1	1
0.858219638	1	0
0.300652264	0	1
0.941803749	1	1
0.970222564	1	1
0.809166408	1	1
0.129178911	0	0
0.169566485	0	0
0.116254214	0	0
0.188277417	0	0
0.967638774	1	1
0.752818487	1	1
0.587623608	1	1
0.050561690	0	0
0.690638803	1	1
0.097503512	0	0
0.816307671	1	1
0.275302245	0	0
0.938325183	1	1
0.089982393	0	0
0.053838370	0	0
0.095865877	0	0
0.393709683	0	0
0.985233566	1	1
0.545714735	1	0
0.104723711	0	0
0.199670507	0	0
0.448531214	0	0
0.820040375	1	0
0.433719210	0	0
0.974858634	1	1
0.695279282	1	0
0.528810755	1	0
0.915464106	1	1
0.965695658	1	1
0.164612187	0	0
0.347808483	0	0
0.228318861	0	0
0.378356425	0	0
0.078485134	0	0
0.201061528	0	0
0.068332863	0	0
0.952216210	1	1
0.172751464	0	0
0.236640816	0	0
0.643131787	1	1
0.142581909	0	0
0.180097910	0	0
0.137632918	0	0
0.784262006	1	1
0.156104407	0	0
0.495848250	0	0
0.040384005	0	0
0.075395470	0	0
0.949402854	1	1
0.187869266	0	0
0.997236017	1	1
0.858159131	1	1
0.084035106	0	0
0.257010229	0	0
0.081366435	0	0
0.179534861	0	0
0.211025319	0	1
0.932428849	1	1
0.996097668	1	1
0.791881289	1	1
0.278854736	0	0
0.436622167	0	0
0.137152142	0	1
0.752579470	1	1
0.134467346	0	0
0.193358938	0	0
0.298613797	0	0
0.424307973	0	1
0.202480991	0	0
0.119958874	0	0
0.659780833	1	1
0.421252146	0	0
0.137966929	0	0
0.209787042	0	0
0.253529898	0	0
0.114779785	0	0
0.961939064	1	1
0.359032240	0	0
0.070544287	0	0
0.432235440	0	0
0.214926129	0	0
0.473529400	0	0
0.132909337	0	0
0.139704910	0	0
0.795804424	1	1
0.257399567	0	0
0.927630877	1	1
0.343136164	0	0
0.851349826	1	1
0.554498157	1	0
0.562081732	1	1
0.231536241	0	0
0.573245204	1	0
0.061427041	0	0
0.752921386	1	1
0.260379401	0	0
0.104965023	0	0
0.964082436	1	0
0.427619626	0	0
0.916612660	1	1
0.776976997	1	1
0.101455975	0	0
0.701493132	1	1
0.808359112	1	1
0.987481266	1	1
0.971266904	1	1
0.945566208	1	1
0.822539799	1	1
0.190915222	0	0
0.445802573	0	0
0.833001650	1	1
0.264562530	0	0
0.963569600	1	1
0.414873136	0	0
0.968241078	1	1
0.154422557	0	0
0.395754239	0	0
0.303094240	0	0
0.874552739	1	0
0.097098744	0	0
0.600663445	1	0
0.877393502	1	1
0.182786688	0	0
0.693971962	1	1
0.106719559	0	0
0.136183302	0	0
0.450486640	0	1
0.917108362	1	1
0.239815759	0	0
0.971322578	1	1
0.964382308	1	1
0.963657154	1	1
0.186995552	0	0
0.169519537	0	0
0.751642787	1	0
0.977347304	1	1
0.058895849	0	0
0.816576213	1	1
0.121325241	0	0
0.455163682	0	0
0.523490871	1	0
0.094088167	0	0
0.240739081	0	0
0.237794904	0	0
0.186044895	0	0
0.448407500	0	0
0.490043448	0	1
0.355428951	0	1
0.521184128	1	1
0.126135767	0	0
0.962855182	1	1
0.153791266	0	0
0.881707895	1	1
0.772951319	1	0
0.261935691	0	0
0.758269855	1	1
0.471222992	0	0
0.373356541	0	0
0.522423468	1	0
0.321837943	0	0
0.749761353	1	1
0.381987047	0	0
0.951845628	1	1
0.793109867	1	1
0.526220845	1	0
0.148268525	0	0
0.102514291	0	0
0.677158040	1	0
0.077148499	0	0
0.195425532	0	0
0.171981643	0	0
0.309608292	0	0
0.994971442	1	1
0.981921537	1	1
0.653062605	1	1
0.086705804	0	0
0.105598773	0	0
0.733852681	1	1
0.933129600	1	1
0.108223821	0	0
0.625552529	1	1
0.217042609	0	0
0.182387912	0	0
0.080690472	0	0
0.676226588	1	0
0.564300190	1	0
0.432988288	0	0
0.187142801	0	1
0.813799702	1	1
0.947679523	1	1
0.409715474	0	0
0.501652151	1	0
0.501258797	1	0
0.534114649	1	0
0.140574387	0	0
0.641329175	1	0
0.194434048	0	0
0.745591955	1	1
0.240874829	0	0
0.901854749	1	1
0.636376570	1	1
0.191759066	0	0
0.409329334	0	0
0.909165786	1	1
0.221328540	0	0
0.560522205	1	0
0.124815650	0	0
0.127603697	0	0
0.512884258	1	0
0.822288810	1	1
0.981315338	1	1
0.445444474	0	0
0.692090584	1	0
0.432851938	0	0
0.116071050	0	0
0.225583743	0	0
0.257031394	0	0
0.078416422	0	0
0.639163098	1	1
0.187353493	0	0
0.096791953	0	0
0.349524194	0	0
0.961860151	1	1
0.508036951	1	0
0.204585860	0	0
0.242398841	0	1
0.876004893	1	0
0.795382451	1	1
0.165219009	0	0
0.772587362	1	1
0.896176463	1	1
0.970052097	1	1
0.974991111	1	1
0.751471184	1	0
0.501311194	1	0
0.864894840	1	1
0.395664754	0	1
0.963667292	1	1
0.459428989	0	0
0.381270111	0	1
0.079674663	0	0
0.476854604	0	0
0.720426194	1	0
0.514216516	1	0
0.696844227	1	0
0.261307478	0	0
0.108856382	0	0
0.179809948	0	0
0.169422980	0	0
0.035692584	0	0
0.793245102	1	1
0.256988963	0	0
0.363161876	0	0
0.491859998	0	0
0.693371002	1	0
0.151797347	0	1
0.948264770	1	1
0.841630512	1	1
0.526702428	1	1
0.234079634	0	1
0.264868824	0	0
0.971336029	1	1
0.888684292	1	1
0.083160378	0	0
0.344905217	0	0
0.342231162	0	0
0.901060130	1	1
0.715929831	1	0
0.438448714	0	0
0.968523453	1	1
0.338351201	0	0
0.893786643	1	1
0.989311749	1	1
0.465442145	0	1
0.065354722	0	0
0.102586275	0	0
0.895306046	1	1
0.791949117	1	1
0.411699042	0	0
0.650245486	1	1
0.960358117	1	1
0.123888482	0	0
0.622896699	1	0
0.968361383	1	1
0.145036724	0	0
0.698563053	1	1
0.994051810	1	1
0.082556275	0	0
0.960004391	1	1
0.719131702	1	1
0.212508680	0	0
0.417101258	0	0
0.711095033	1	0
0.401214140	0	0
0.505812627	1	0
0.389355937	0	0
0.816752068	1	1
0.526284637	1	0
0.572205272	1	0
0.772906853	1	1
0.446840288	0	0
0.965386038	1	1
0.241833728	0	0
0.523553526	1	0
0.991486773	1	1
0.966343157	1	1
0.343564913	0	0
0.248511450	0	0
0.184515515	0	0
0.267574826	0	1
0.331814227	0	0
0.593310262	1	0
0.115980244	0	0
0.225232707	0	0
0.655198406	1	0
0.302747386	0	0
0.247736047	0	0
0.735324705	1	1
0.305702174	0	0
0.770026165	1	0
0.155165716	0	0
0.694486252	1	0
0.220783790	0	0
0.167458942	0	0
0.601679595	1	0
0.172929594	0	0
0.090321897	0	0
0.666801272	1	0
0.367043245	0	0
0.727918841	1	1
0.376727849	0	0
0.107640167	0	0
0.171138016	0	0
0.221176283	0	1
0.066705877	0	0
0.627600361	1	1
0.221268761	0	0
0.270592789	0	0
0.544687256	1	1
0.109178182	0	0
0.080824041	0	0
0.523652035	1	1
0.868338524	1	1
0.855554883	1	0
0.068424984	0	0
0.637844484	1	1
0.858630446	1	1
0.986676712	1	1
0.241436684	0	0
0.051285469	0	0
0.099525529	0	0
0.801039632	1	0
0.345520270	0	0
0.369948276	0	0
0.284761547	0	0
0.457114636	0	0
0.538023048	1	1
0.363209421	0	1
0.157244121	0	0
0.181666808	0	0
0.087796286	0	0
0.027888595	0	0
0.201548700	0	1
0.996054050	1	1
0.830076685	1	1
0.891388671	1	1
0.113618311	0	0
0.204066544	0	1
0.082580151	0	0
0.232475671	0	0
0.124800955	0	1
0.067978458	0	0
0.124393721	0	0
0.557688941	1	0
0.555086691	1	0
0.119991921	0	0
0.164048948	0	0
0.612063486	1	0
0.087991285	0	0
0.067295926	0	0
0.405767952	0	0
0.778498462	1	1
0.150614785	0	0
0.396948595	0	0
0.928043464	1	1
0.193300039	0	0
0.550651574	1	0
0.086848886	0	0
0.969538240	1	1
0.567194067	1	0
0.886644315	1	1
0.093047385	0	0
0.052647755	0	0
0.122355008	0	0
0.187462143	0	0
0.651866463	1	0
0.038311635	0	0
0.274945115	0	0
0.188387914	0	0
0.731410403	1	1
0.356503903	0	0
0.098549782	0	0
0.430562130	0	0
0.654608620	1	0
0.506061356	1	0
0.280191670	0	0
0.060670080	0	0
0.688526404	1	1
0.957142311	1	1
0.165994088	0	0
0.501217259	1	0
0.796386301	1	1
0.244906959	0	0
0.159750558	0	0
0.052177870	0	0
0.140443435	0	0
0.159313219	0	0
0.184057525	0	0
0.493263286	0	1
0.689385822	1	1
0.362476434	0	1
0.423440106	0	0
0.544667671	1	0
0.162435181	0	1
0.947282889	1	1
0.504481974	1	0
0.962029783	1	1
0.427081147	0	0
0.304581840	0	0
0.107223071	0	0
0.229064560	0	0
0.115851918	0	0
0.610833577	1	1
0.310951513	0	0
0.328353369	0	0
0.060701763	0	0
0.128358099	0	0
0.152732327	0	0
0.605966752	1	1
0.857019536	1	1
0.670125873	1	1
0.074402018	0	0
0.256048910	0	0
0.609907730	1	0
0.985037139	1	1
0.332524947	0	0
0.468274094	0	0
0.110268573	0	0
0.905274462	1	1
0.859214866	1	1
0.596702047	1	0
0.034088276	0	0
0.630485438	1	0
0.844042896	1	1
0.079246774	0	0
0.966925959	1	1
0.103653145	0	0
0.675215667	1	1
0.783567843	1	1
0.905243343	1	1
0.946794031	1	1
0.916089245	1	1
0.952531075	1	1
0.785769568	1	1
0.127891814	0	0
0.770746382	1	1
0.074268509	0	0
0.517538503	1	0
0.653443780	1	0
0.162327071	0	0
0.899336496	1	1
0.439357041	0	1
0.401481363	0	1
0.522577845	1	1
0.081541941	0	1
0.152600173	0	0
0.950755084	1	1
0.283303096	0	1
0.136164949	0	0
0.966568780	1	1
0.203508031	0	0
0.152853580	0	0
0.495018964	0	0
0.476188294	0	0
0.797844289	1	1
0.160308492	0	0
0.958280640	1	1
0.421605931	0	0
0.919328042	1	1
0.141173064	0	0
0.086365666	0	0
0.275597019	0	0
0.679499161	1	0
0.452751892	0	0
0.663521207	1	1
0.244461390	0	0
0.123424693	0	0
0.827585897	1	0
0.800871644	1	0
0.768554358	1	1
0.895910483	1	1
0.920290034	1	1
0.236521066	0	0
0.083838668	0	0
0.725084074	1	1
0.905376813	1	1
0.830914068	1	1
0.920010741	1	0
0.086305418	0	0
0.576451027	1	1
0.964668494	1	1
0.970483432	1	1
0.603163641	1	0
0.563427417	1	0
0.069420209	0	0
0.336798476	0	1
0.409407606	0	0
0.116476317	0	0
0.436117261	0	1
0.282277075	0	0
0.976895015	1	1
0.966696735	1	1
0.179389660	0	0
0.287363600	0	0
0.288910183	0	0
0.223950028	0	0
0.906228132	1	1
0.424377156	0	1
0.970704791	1	1
0.885641170	1	1
0.737317505	1	1
0.518146523	1	0
0.491754829	0	0
0.166195035	0	0
0.430475785	0	0
0.711147373	1	0
0.524571756	1	0
0.443199078	0	1
0.949005380	1	1
0.108527890	0	0
0.484603399	0	0
0.145009663	0	0
0.167429354	0	0
0.914178059	1	1
0.824147218	1	1
0.270409075	0	0
0.115412055	0	0
0.912035319	1	1
0.123873134	0	0
0.905844796	1	0
0.183691456	0	0
0.682015713	1	0
0.980023336	1	1
0.319998436	0	1
0.109335331	0	0
0.117914070	0	0
0.460453488	0	0
0.187720533	0	1
0.278037334	0	1
0.348718959	0	0
0.259211154	0	0
0.946940875	1	1
0.052385347	0	0
0.116555407	0	0
0.522224881	1	1
0.173885547	0	0
0.138294171	0	0
0.402609026	0	0
0.970662149	1	1
0.896261586	1	1
0.149237212	0	0
0.710496396	1	0
0.356403850	0	1
0.971078889	1	1
0.971454665	1	1
0.101715771	0	0
0.277065661	0	0
0.689265541	1	1
0.414791577	0	0
0.457034749	0	0
0.216295866	0	0
0.575936449	1	1
0.265639239	0	0
0.420756209	0	0
0.227087608	0	0
0.345313147	0	0
0.878214670	1	1
0.027385080	0	0
0.178517832	0	0
0.052613041	0	0
0.458015779	0	1
0.723038832	1	1
0.052557989	0	0
0.861090535	1	1
0.357762971	0	1
0.969008236	1	1
0.635478531	1	1
0.949033750	1	1
0.325417534	0	0
0.248827042	0	1
0.980623860	1	0
0.467428489	0	0
0.599920984	1	1
0.116797170	0	0
0.523026794	1	0
0.126048254	0	0
0.811484089	1	1
0.834783175	1	1
0.903650340	1	1
0.413471648	0	0
0.809708837	1	1
0.207714572	0	0
0.227923913	0	1
0.078940519	0	0
0.765772749	1	0
0.232383885	0	0
0.196024470	0	0
0.823361796	1	1
0.380469843	0	0
0.252511814	0	0
0.237212465	0	0
0.583401148	1	0
0.409732802	0	0
0.525485854	1	0
0.066276418	0	0
0.123804477	0	0
0.298638609	0	0
0.966530355	1	1
0.927831225	1	1
0.552007153	1	0
0.061016893	0	1
0.108560086	0	0
0.699068040	1	1
0.631249371	1	0
0.777304792	1	0
0.473248276	0	0
0.227805610	0	0
0.934389905	1	0
0.927465603	1	1
0.076861511	0	0
0.149426911	0	0
0.066201935	0	1
0.102676254	0	0
0.385460522	0	1
0.918002024	1	1
0.755513821	1	1
0.568968577	1	0
0.129272720	0	0
0.949070190	1	1
0.666259334	1	1
0.399273815	0	0
0.373955941	0	0
0.203745392	0	0
0.462790377	0	0
0.988264464	1	1
0.539177113	1	1
0.595858469	1	0
0.907577971	1	1
0.685242572	1	1
0.087854094	0	0
0.444528401	0	0
0.131380188	0	0
0.176383976	0	0
0.929557744	1	1
0.782791615	1	1
0.558179753	1	0
0.173778413	0	0
0.037844181	0	0
0.448084021	0	1
0.253702968	0	0
0.066854916	0	0
0.230132645	0	0
0.714110191	1	1
0.737070029	1	1
0.191795388	0	0
0.292036106	0	0
0.086601482	0	0
0.186974206	0	0
0.146587675	0	0
0.696074949	1	1
0.776026238	1	1
0.124829222	0	0
0.072780352	0	0
0.061841621	0	0
0.869746747	1	1
0.578824670	1	0
0.772985795	1	1
0.074739473	0	0
0.324238682	0	0
0.055389760	0	0
0.131993601	0	0
0.907646605	1	1
0.719693290	1	0
0.617513158	1	0
0.951136800	1	1
0.570071559	1	0
0.267654545	0	0
0.121408445	0	0
0.089694429	0	0
0.833559739	1	1
0.776995458	1	1
0.102640051	0	0
0.562800011	1	0
0.069654718	0	0
0.108580752	0	0
0.433257354	0	0
0.600110808	1	0
0.156528663	0	0
0.196945041	0	0
0.672721701	1	0
0.971504671	1	1
0.225772270	0	0
0.724263562	1	0
0.388254576	0	1
0.565152620	1	0
0.316864776	0	0
0.163435898	0	0
0.308513620	0	0
0.287506831	0	0
0.227832271	0	0
0.109998567	0	0
0.123957139	0	0
0.176557921	0	0
0.321213511	0	0
0.508105261	1	0
0.983347162	1	1
0.738653946	1	0
0.145239431	0	0
0.406841540	0	0
0.141982944	0	0
0.589976327	1	0
0.214588373	0	0
0.846257125	1	1
0.902424374	1	1
0.964033762	1	1
0.768143020	1	0
0.076690363	0	0
0.375236662	0	0
0.986954304	1	1
0.210940118	0	0
0.818298084	1	1
0.166381736	0	0
0.622741035	1	0
0.212768212	0	0
0.092807253	0	0
0.083761388	0	0
0.680083105	1	0
0.212923082	0	0
0.109361302	0	0
0.088879067	0	0
0.465114679	0	0
0.841517514	1	0
0.124690498	0	0
0.933558493	1	1
0.800424679	1	0
0.293010779	0	0
0.179340376	0	0
0.115813727	0	0
0.923451591	1	0
0.346146028	0	0
0.783177787	1	1
0.356742610	0	0
0.767974559	1	0
0.541169365	1	0
0.133948613	0	0
0.667244606	1	0
0.714400183	1	1
0.278287367	0	0
0.138429364	0	0
0.969733898	1	1
0.189462174	0	0
0.496910276	0	0
0.268353275	0	0
0.356736088	0	1
0.111252569	0	0
0.878348150	1	1
0.690825883	1	1
0.700636228	1	0
0.950874436	1	1
0.232822584	0	0
0.082619495	0	0
0.145070174	0	0
0.963684228	1	1
0.389586724	0	0
0.938662864	1	1
0.803636312	1	0
0.762987581	1	0
0.559953394	1	0
0.956750902	1	1
0.299930173	0	0
0.968608812	1	1
0.985082135	1	1
0.153326407	0	0
0.976195135	1	1
0.211119070	0	1
0.899454071	1	1
0.553907603	1	0
0.836194047	1	1
0.250245974	0	0
0.342521756	0	0
0.930856963	1	1
0.927003417	1	1
0.184162258	0	0
0.467956604	0	0
0.221583059	0	0
0.701233596	1	0
0.522881149	1	1
0.276651680	0	0
0.184862008	0	0
0.385204290	0	0
0.268052316	0	0
0.133223753	0	0
0.601059624	1	0
0.395233686	0	0
0.445050649	0	0
0.556544298	1	0
0.904230236	1	1
0.574290605	1	0
0.150229266	0	0
0.404495093	0	1
0.226232006	0	0
0.802808019	1	1
0.396063739	0	1
0.964558496	1	1
0.890562447	1	1
0.167981978	0	0
0.566465140	1	1
0.810935875	1	1
0.930751568	1	1
0.668589754	1	0
0.078534572	0	0
0.258443847	0	0
0.352058385	0	0
0.777976846	1	0
0.353460418	0	1
0.523205794	1	0
0.975502133	1	1
0.741806863	1	1
0.055422180	0	0
0.989673394	1	1
0.963053192	1	1
0.279495937	0	0
0.468971602	0	0
0.125134596	0	0
0.896634754	1	1
0.098439446	0	0
0.049286791	0	0
0.410362034	0	0
0.689764092	1	0
0.293797468	0	0
0.611368655	1	1
0.226118285	0	0
0.618724661	1	1
0.141766527	0	0
0.651249484	1	0
0.074993140	0	0
0.899931516	1	1
0.190458772	0	0
0.949273638	1	1
0.366179809	0	0
0.344621257	0	0
0.823142341	1	1
0.499045148	0	0
0.177589891	0	0
0.957978555	1	1
0.811813522	1	1
0.960039118	1	1
0.408417447	0	0
0.563624388	1	0
0.389067681	0	0
0.486744057	0	0
0.061768915	0	0
0.537511178	1	0
0.966326974	1	1
0.746657334	1	0
0.918097991	1	1
0.039279347	0	0
0.223028491	0	0
0.968809713	1	1
0.795517682	1	0
0.753379847	1	1
0.817288506	1	1
0.970273343	1	1
0.400437354	0	1
0.200402685	0	0
0.973380274	1	1
0.104025862	0	0
0.461238234	0	1
0.882041644	1	1
0.982033968	1	1
0.436171251	0	0
0.739242668	1	0
0.953353926	1	1
0.125820843	0	0
0.327548340	0	0
0.910311394	1	0
0.832898986	1	1
0.980255688	1	1
0.427058603	0	0
0.113540723	0	0
0.618113799	1	0
0.174618063	0	0
0.888789718	1	1
0.291183425	0	0
0.787883757	1	1
0.280253388	0	0
0.163643727	0	0
0.264712304	0	0
0.295225591	0	0
0.395123140	0	0
0.226534383	0	0
0.118408905	0	0
0.732852471	1	0
0.030933211	0	0
0.750463798	1	1
0.964140085	1	1
0.528324803	1	0
0.926051315	1	1
0.357303759	0	0
0.392586931	0	0
0.228261841	0	0
0.119139111	0	0
0.574904618	1	1
0.922523929	1	1
0.842520105	1	1
0.071864738	0	0
0.241278314	0	0
0.428489531	0	1
0.931510991	1	1
0.066711157	0	0
0.557204990	1	0
0.940510035	1	1
0.747006535	1	1
0.125903662	0	0
0.271561623	0	0
0.285024315	0	0
0.128229074	0	0
0.632272127	1	0
0.102778313	0	0
0.115370162	0	0
0.813758837	1	1
0.467491856	0	0
0.894953251	1	0
0.078248005	0	0
0.938811355	1	1
0.174958772	0	0
0.424270833	0	0
0.148544160	0	1
0.118258386	0	1
0.230360618	0	0
0.191677259	0	0
0.788624380	1	1
0.690564689	1	1
0.949744415	1	1
0.975141220	1	1
0.969588234	1	1
0.206667666	0	0
0.127151190	0	0
0.215174952	0	0
0.093958849	0	0
0.558845283	1	0
0.565915012	1	0
0.971543392	1	1
0.241674216	0	1
0.042456928	0	0
0.096906272	0	0
0.058899407	0	0
0.986277550	1	1
0.763743772	1	0
0.332136966	0	0
0.273354964	0	0
0.067525034	0	0
0.916902066	1	1
0.263583523	0	1
0.137927420	0	0
0.555084324	1	1
0.401965005	0	0
0.879289007	1	1
0.485924079	0	0
0.173942295	0	0
0.101725666	0	0
0.995041398	1	1
0.471484235	0	0
0.710906824	1	0
0.178031918	0	0
0.063728853	0	0
0.314686335	0	0
0.963416105	1	1
0.756878663	1	1
0.543515321	1	0
0.175539533	0	0
0.671709456	1	0
0.075308951	0	0
0.198851082	0	0
0.882608561	1	1
0.686607250	1	1
0.962196103	1	1
0.779876935	1	1
0.285913463	0	0
0.851749562	1	1
0.408694531	0	0
0.964873781	1	1
0.681624860	1	0
0.235229175	0	0
0.195445737	0	0
0.919096742	1	1
0.162851968	0	0
0.096360584	0	0
0.771729289	1	1
0.878093036	1	1
0.062732177	0	0
0.079192539	0	0
0.695935030	1	0
0.345511833	0	0
0.548108963	1	0
0.101228387	0	1
0.835592651	1	0
0.965340795	1	1
0.930477448	1	1
0.965522595	1	1
0.130155068	0	0
0.878286555	1	1
0.038737687	0	0
0.565670260	1	0
0.737392343	1	1
0.918630819	1	1
0.081051024	0	0
0.088358053	0	0
0.290971543	0	0
0.829874838	1	1
0.861181415	1	0
0.518966518	1	1
0.299617894	0	0
0.353847596	0	0
0.541047968	1	1
0.145693975	0	0
0.246448885	0	0
0.069040249	0	0
0.462175705	0	0
0.141477463	0	0
0.272990341	0	0
0.985289310	1	0
0.105832753	0	0
0.135816983	0	0
0.497745484	0	0
0.193422807	0	0
0.588437637	1	0
0.972038001	1	1
0.141585058	0	0
0.632233593	1	0
0.973036296	1	1
0.161080474	0	0
0.413975310	0	0
0.993047405	1	1
0.150149318	0	1
0.147167484	0	0
0.039907238	0	0
0.806565683	1	1
0.324923129	0	0
0.368041826	0	0
0.165598939	0	0
0.180874859	0	0
0.226180280	0	1
0.204277386	0	0
0.627152999	1	0
0.053043307	0	0
0.175957547	0	0
0.377908160	0	0
0.825932440	1	0
0.466433754	0	0
0.071407462	0	0
0.093927820	0	0
0.252920886	0	0
0.218555192	0	0
0.261791670	0	0
0.615524508	1	0
0.434425058	0	0
0.256206983	0	0
0.076851571	0	0
0.498327501	0	0
0.193086207	0	0
0.589150096	1	0
0.096346203	0	0
0.548862151	1	1
0.747468372	1	0
0.247947280	0	0
0.989303221	1	1
0.183313428	0	0
0.172994481	0	0
0.080083555	0	0
0.616862022	1	1
0.971448239	1	1
0.117275103	0	0
0.097603867	0	0
0.590439177	1	1
0.212195858	0	0
0.427900317	0	0
0.074374411	0	0
0.092265815	0	0
0.116439067	0	0
0.320300382	0	0
0.937031209	1	1
0.478928111	0	0
0.101056340	0	0
0.624058341	1	0
0.090134895	0	0
0.396727321	0	0
0.057233393	0	0
0.448623148	0	0
0.193558718	0	0
0.839673927	1	1
0.649954134	1	0
0.077312326	0	0
0.580036006	1	0
0.141155928	0	0
0.623349744	1	0
0.677780979	1	0
0.143415331	0	0
0.821881129	1	1
0.530529372	1	0
0.631813383	1	0
0.232992125	0	0
0.312268024	0	0
0.880776885	1	1
0.835339219	1	1
0.757821659	1	0
0.937413621	1	1
0.990613943	1	1
0.651476603	1	1
0.237014646	0	1
0.145618821	0	0
0.894263387	1	1
0.774764607	1	1
0.433915627	0	0
0.183075439	0	0
0.758730281	1	0
0.545443006	1	0
0.203164060	0	0
0.976220149	1	1
0.993723757	1	1
0.093231068	0	0
0.713723353	1	1
0.927383190	1	1
0.057972871	0	0
0.691929246	1	0
0.197141009	0	0
0.130964383	0	0
0.751475675	1	0
0.046008558	0	0
0.096059567	0	0
0.058433940	0	0
0.242645377	0	0
0.956470892	1	1
0.166589336	0	0
0.720399034	1	1
0.758112776	1	1
0.144252095	0	0
0.152831585	0	0
0.845686964	1	1
0.260521857	0	0
0.233388988	0	0
0.821376952	1	1
0.173899480	0	0
0.668290255	1	1
0.112489279	0	0
0.237382432	0	0
0.133872917	0	0
0.985399550	1	1
0.860917200	1	1
0.087326978	0	0
0.505313048	1	0
0.388390672	0	1
0.528751424	1	0
0.150669912	0	0
0.594229146	1	0
0.986142642	1	1
0.910069719	1	1
0.131316163	0	0
0.393673180	0	0
0.907381539	1	1
0.103519014	0	0
0.155291005	0	0
0.869772976	1	1
0.178612506	0	1
0.199691406	0	0
0.247427935	0	0
0.921682771	1	1
0.224009370	0	1
0.085047188	0	0
0.955280793	1	1
0.276576023	0	0
0.994157304	1	1
0.342168768	0	0
0.386260828	0	1
0.928406815	1	1
0.282635409	0	0
0.329518528	0	1
0.971543197	1	1
0.224438779	0	0
0.127879520	0	0
0.254562726	0	0
0.442589063	0	0
0.699744221	1	1
0.719584166	1	1
0.505053737	1	0
0.562984828	1	0
0.085491708	0	0
0.427219866	0	0
0.993955602	1	1
0.676712186	1	1
0.764196886	1	1
0.227745699	0	0
0.600182819	1	0
0.160569394	0	0
0.456195393	0	0
0.838129128	1	1
0.987985484	1	1
0.781197930	1	1
0.181160387	0	0
0.072645066	0	0
0.111211659	0	0
0.249903062	0	0
0.629850075	1	1
0.204754246	0	0
0.888439371	1	1
0.484833581	0	0
0.621252365	1	1
0.988097227	1	1
0.711125187	1	1
0.842850802	1	0
0.784872901	1	1
0.098952108	0	0
0.297815769	0	1
0.970105651	1	1
0.507187186	1	0
0.188692924	0	0
0.063624430	0	0
0.078038210	0	0
0.395724319	0	0
0.405794270	0	0
0.992246407	1	1
0.440501899	0	0
0.133145437	0	0
0.686635839	1	1
0.181959884	0	0
0.063170332	0	0
0.126928082	0	0
0.398960820	0	0
0.125619960	0	0
0.756874741	1	1
0.246581108	0	0
0.736843908	1	1
0.167477291	0	0
0.309884339	0	0
0.480155913	0	0
0.637096167	1	0
0.139482338	0	0
0.183823900	0	0
0.453860115	0	0
0.781997403	1	1
0.591694722	1	1
0.238163574	0	0
0.399215598	0	1
0.432277391	0	0
0.178759053	0	0
0.620521226	1	1
0.130386062	0	0
0.536494693	1	0
0.865917770	1	1
0.575639434	1	0
0.191894574	0	0
0.968361150	1	1
0.903091415	1	1
0.123157108	0	0
0.266557176	0	0
0.196457224	0	0
0.289210045	0	0
0.057377169	0	0
0.836054640	1	1
0.757602476	1	1
0.575380056	1	1
0.118317135	0	0
0.919824894	1	1
0.555112234	1	1
0.845410260	1	1
0.163331239	0	0
0.970099587	1	1
0.242055459	0	0
0.898077496	1	0
0.770090292	1	0
0.731806752	1	0
0.047126197	0	0
0.434536151	0	0
0.480565505	0	0
0.067040882	0	0
0.202548710	0	0
0.854406741	1	1
0.158246151	0	0
0.407760432	0	0
0.130920149	0	1
0.320372337	0	0
0.231003596	0	1
0.743911500	1	1
0.970229621	1	1
0.988286288	1	1
0.363449281	0	0
0.093862478	0	0
0.280635809	0	0
0.093967352	0	0
0.906350583	1	1
0.358654861	0	0
0.156909740	0	1
0.311380935	0	0
0.773667813	1	1
0.616939311	1	0
0.893547794	1	1
0.800799494	1	1
0.676489328	1	0
0.927695953	1	1
0.945381059	1	0
0.733866171	1	1
0.097833991	0	0
0.687826363	1	0
0.224933000	0	0
0.482499102	0	1
0.793220850	1	1
0.109721616	0	0
0.494551958	0	0
0.913916155	1	1
0.749580427	1	1
0.941998067	1	1
0.190929429	0	0
0.991486089	1	1
0.930046020	1	0
0.341519159	0	0
0.246555385	0	0
0.286180568	0	0
0.420017730	0	1
0.821331285	1	0
0.501096516	1	0
0.156673016	0	0
0.760732718	1	1
0.957909412	1	1
0.370519742	0	1
0.303527393	0	1
0.124378845	0	0
0.531423829	1	1
0.043438566	0	0
0.537476420	1	0
0.464778846	0	0
0.277044939	0	0
0.483521334	0	1
0.459988771	0	1
0.197342183	0	0
0.059737108	0	1
0.069281944	0	0
0.146942241	0	0
0.262992017	0	0
0.351735649	0	0
0.278796573	0	0
0.820087474	1	0
0.390519408	0	1
0.378895463	0	1
0.932330974	1	1
0.096452474	0	0
0.463697795	0	0
0.156714033	0	0
0.095773155	0	0
0.113800981	0	0
0.179577417	0	1
0.480456587	0	0
0.197481599	0	0
0.286802817	0	0
0.954315396	1	1
0.962910990	1	1
0.261844885	0	1
0.285533451	0	0
0.704848662	1	1
0.142914762	0	0
0.071408350	0	0
0.098839292	0	0
0.153717469	0	0
0.209467833	0	0
0.970440092	1	1
0.459213753	0	1
0.167979505	0	0
0.191660485	0	0
0.555256878	1	0
0.892420862	1	1
0.959491118	1	1
0.825898571	1	0
0.733003927	1	0
0.254064068	0	0
0.345500443	0	0
0.241329371	0	0
0.960452479	1	1
0.637936649	1	0
0.994890382	1	1
0.699306069	1	0
0.547039255	1	0
0.349512556	0	1
0.247247188	0	1
0.120483713	0	0
0.314980455	0	1
0.947564845	1	1
0.111932133	0	0
0.082011881	0	0
0.063923711	0	0
0.344416979	0	0
0.678360987	1	0
0.475570835	0	1
0.314233806	0	0
0.890765107	1	1
0.138851186	0	1
0.651332972	1	0
0.221393876	0	0
0.793605051	1	1
0.536200892	1	0
0.917252360	1	1
0.290762305	0	0
0.299604394	0	0
0.933653774	1	1
0.949177342	1	1
0.869822702	1	0
0.088835899	0	0
0.174668339	0	0
0.738288562	1	1
0.095084651	0	0
0.888904073	1	1
0.617673615	1	0
0.588388471	1	0
0.098693242	0	0
0.149794750	0	0
0.520984943	1	1
0.882194646	1	1
0.218898549	0	0
0.191820908	0	0
0.929000191	1	0
0.414282025	0	0
0.075139271	0	0
0.107567442	0	0
0.093451437	0	0
0.452597666	0	0
0.608858761	1	0
0.430034364	0	1
0.131863703	0	0
0.136619618	0	0
0.295563206	0	0
0.673924859	1	0
0.784965176	1	0
0.096678691	0	0
0.145646235	0	1
0.296753363	0	0
0.265786738	0	0
0.550706915	1	1
0.280950159	0	0
0.928981904	1	1
0.601698543	1	0
0.598535028	1	0
0.108745349	0	0
0.795042676	1	0
0.112343317	0	0
0.359179784	0	0
0.569045170	1	0
0.918051515	1	1
0.823601269	1	1
0.573554799	1	1
0.376545429	0	1
0.957979806	1	1
0.258258432	0	1
0.184409867	0	0
0.963549285	1	1
0.241249163	0	0
0.096278821	0	1
0.562197339	1	0
0.318741548	0	0
0.662867084	1	1
0.507062331	1	0
0.968723547	1	1
0.300238534	0	1
0.967368639	1	1
0.102343459	0	0
0.859111213	1	0
0.963928132	1	1
0.946091891	1	1
0.738371800	1	1
0.383260843	0	1
0.798683971	1	1
0.913406110	1	1
0.785566099	1	0
0.091424485	0	0
0.922324534	1	1
0.193307561	0	0
0.437377317	0	0
0.331265158	0	0
0.056091258	0	1
0.178620876	0	0
0.678711574	1	0
0.968486128	1	1
0.506510234	1	1
0.642615203	1	1
0.969032133	1	1
0.121596460	0	0
0.836649643	1	0
0.566269353	1	1
0.396971106	0	1
0.114286950	0	0
0.253944804	0	0
0.221796713	0	0
0.585312798	1	1
0.429465860	0	1
0.737295248	1	0
0.826075512	1	1
0.155337962	0	0
0.546718144	1	0
0.200387112	0	0
0.049310711	0	0
0.164869140	0	0
0.921131874	1	1
0.214120245	0	0
0.126131118	0	0
0.982585371	1	1
0.039875081	0	0
0.172672841	0	1
0.691407558	1	0
0.825201813	1	0
0.264404934	0	0
0.753391438	1	1
0.125390057	0	0
0.091194671	0	0
0.995287229	1	1
0.093143258	0	0
0.860265096	1	1
0.963297426	1	1
0.861172162	1	1
0.264043319	0	0
0.230961788	0	0
0.146287382	0	0
0.647406500	1	1
0.599209533	1	0
0.150317398	0	0
0.705729483	1	0
0.512935458	1	1
0.251992601	0	0
0.971300625	1	1
0.547336853	1	0
0.349003452	0	0
0.425842483	0	0
0.412236257	0	0
0.198684143	0	0
0.621764641	1	1
0.504151721	1	1
0.381612408	0	0
0.977912670	1	1
0.178657553	0	0
0.986769718	1	1
0.194334402	0	1
0.986076998	1	1
0.988459706	1	1
0.169247323	0	0
0.953582479	1	1
0.574426876	1	0
0.351309687	0	1
0.987261367	1	1
0.051501995	0	0
0.526813647	1	0
0.496280204	0	0
0.436643414	0	0
0.491412984	0	0
0.352745702	0	1
0.926235014	1	1
0.945978536	1	1
0.368525700	0	0
0.186453639	0	0
0.965006164	1	1
0.288682600	0	1
0.672433433	1	0
0.263540772	0	0
0.194323925	0	0
0.990793279	1	1
0.757286024	1	1
0.370391705	0	0
0.563307589	1	0
0.113991372	0	0
0.098896728	0	0
0.084798676	0	0
0.158353540	0	0
0.882731158	1	1
0.119657610	0	0
0.131503906	0	0
0.456241553	0	0
0.186331872	0	0
0.331268804	0	0
0.157934205	0	0
0.786444881	1	0
0.088184903	0	0
0.137281494	0	0
0.097246483	0	0
0.345567097	0	0
0.900657452	1	0
0.188564001	0	0
0.879867465	1	1
0.807023754	1	1
0.221921837	0	1
0.648492667	1	1
0.091134432	0	0
0.086975905	0	0
0.855366187	1	1
0.107206963	0	0
0.119948066	0	0
0.754259809	1	0
0.136079404	0	0
0.347776443	0	0
0.069309499	0	0
0.681975355	1	1
0.115827359	0	0
0.627038447	1	0
0.106446436	0	0
0.908907998	1	1
0.677933009	1	1
0.892904616	1	1
0.500801336	1	0
0.048400032	0	0
0.124029871	0	0
0.649086620	1	1
0.514734837	1	0
0.679737959	1	1
0.911458120	1	1
0.143313302	0	0
0.694528662	1	1
0.282094427	0	0
0.708986237	1	1
0.246959531	0	0
0.111393493	0	0
0.230408446	0	1
0.760365191	1	1
0.175727294	0	0
0.070964912	0	0
0.925829479	1	1
0.386085311	0	1
0.914281286	1	1
0.090664581	0	0
0.850039017	1	0
0.882277529	1	0
0.080879786	0	0
0.151187194	0	0
0.712575552	1	1
0.076372887	0	0
0.231847519	0	0
0.514174116	1	0
0.092542459	0	0
0.309453074	0	0
0.889017407	1	1
0.062005227	0	1
0.957159637	1	1
0.352192648	0	0
0.652483260	1	0
0.228953840	0	0
0.129808887	0	0
0.150088272	0	0
0.449642050	0	1
0.125753595	0	0
0.955372486	1	1
0.604476494	1	0
0.668564217	1	1
0.159243883	0	0
0.268958522	0	0
0.199903280	0	0
0.474149931	0	0
0.113470485	0	0
0.504567023	1	1
0.232212874	0	0
0.099264967	0	0
0.646992822	1	0
0.177982569	0	0
0.168065073	0	0
0.393648366	0	0
0.359779926	0	0
0.063128619	0	0
0.925333274	1	1
0.091147263	0	0
0.057482865	0	0
0.848318808	1	1
0.170981476	0	0
0.095417257	0	0
0.493544625	0	0
0.753311971	1	1
0.810676046	1	1
0.074674322	0	0
0.358424714	0	0
0.600746874	1	0
0.159441813	0	0
0.191481704	0	0
0.675323101	1	1
0.061688306	0	0
0.623552713	1	1
0.048136935	0	0
0.957572532	1	1
0.410836304	0	0
0.391957338	0	0
0.658772646	1	0
0.903141146	1	1
0.158839824	0	0
0.314861921	0	0
0.849160763	1	0
0.955439921	1	1
0.148355161	0	0
0.206788405	0	0
0.263288656	0	0
0.063409946	0	0
0.924717599	1	1
0.192178187	0	0
0.069885411	0	0
0.053591700	0	0
0.713988746	1	0
0.910994260	1	1
0.710313076	1	0
0.771476309	1	1
0.671453323	1	0
0.097826151	0	0
0.102973518	0	0
0.087186253	0	0
0.384492211	0	0
0.327382278	0	1
0.784199572	1	1
0.935452489	1	1
0.439679264	0	0
0.389593633	0	0
0.933381910	1	1
0.086954893	0	0
0.410615620	0	0
0.192414233	0	0
0.257323338	0	1
0.181831859	0	0
0.377752357	0	0
0.118115082	0	0
0.574864249	1	0
0.439659265	0	0
0.729469790	1	0
0.634509590	1	0
0.917713917	1	1
0.269212569	0	0
0.934749590	1	1
0.692964471	1	1
0.205971336	0	0
0.078406889	0	0
0.950854766	1	0
0.969789320	1	1
0.498231885	0	1
0.275556845	0	0
0.686148716	1	0
0.656794724	1	0
0.334523542	0	0
0.431947063	0	0
0.533301575	1	0
0.307608621	0	0
0.199192728	0	0
0.822729134	1	1
0.425152041	0	0
0.210375329	0	0
0.045193917	0	0
0.373573213	0	0
0.036477460	0	0
0.148166160	0	0
0.957157693	1	1
0.280433090	0	1
0.891004906	1	1
0.849861972	1	1
0.150424388	0	0
0.302645459	0	0
0.416052490	0	0
0.954269109	1	1
0.422393231	0	1
0.206415261	0	0
0.569581392	1	0
0.399108478	0	1
0.814098759	1	1
0.226528710	0	0
0.994304625	1	0
0.213745265	0	0
0.175333943	0	0
0.174956159	0	1
0.343429108	0	0
0.567615916	1	0
0.762294662	1	0
0.211194267	0	0
0.965677268	1	1
0.158464555	0	0
0.111598744	0	0
0.556276810	1	0
0.526342179	1	0
0.052768658	0	0
0.162365047	0	0
0.354191281	0	0
0.685081812	1	1
0.065737256	0	0
0.205159373	0	0
0.061906452	0	0
0.407713839	0	0
0.977536297	1	1
0.450296067	0	0
0.361812412	0	0
0.277832390	0	0
0.334103277	0	0
0.955992286	1	1
0.346905601	0	0
0.161489864	0	0
0.935384835	1	1
0.036281271	0	1
0.901827354	1	1
0.929401904	1	1
0.177817666	0	0
0.869212456	1	1
0.540482889	1	0
0.970276251	1	1
0.548653904	1	0
0.322160921	0	0
0.569278236	1	1
0.877864913	1	1
0.846780686	1	1
0.454275773	0	0
0.070732880	0	0
0.426475859	0	0
0.630233630	1	1
0.692662533	1	1
0.390176187	0	0
0.123104996	0	0
0.242445752	0	0
0.148105166	0	0
0.672045323	1	0
0.409000808	0	0
0.870239755	1	1
0.047714863	0	0
0.779900782	1	1
0.147554421	0	0
0.857141307	1	0
0.066531519	0	0
0.458630957	0	0
0.978537636	1	1
0.470546737	0	1
0.746385702	1	0
0.836332557	1	1
0.566852256	1	0
0.929159003	1	1
0.432168087	0	1
0.329338200	0	0
0.983615652	1	1
0.957561505	1	1
0.054083729	0	1
0.453354497	0	1
0.759245353	1	1
0.521721618	1	0
0.112945500	0	0
0.154526326	0	0
0.047425242	0	0
0.185908202	0	0
0.129283122	0	0
0.124848452	0	0
0.971116578	1	1
0.356829833	0	0
0.068853822	0	0
0.042957253	0	0
0.126040173	0	0
0.974728676	1	1
0.730695765	1	0
0.962894181	1	1
0.134267476	0	0
0.458017105	0	0
0.132618606	0	0
0.146628249	0	0
0.499524250	0	1
0.971115061	1	1
0.915343382	1	1
0.336701475	0	0
0.841134413	1	0
0.531175808	1	0
0.865997400	1	0
0.303878170	0	1
0.190154393	0	0
0.971219600	1	1
0.667298737	1	0
0.994076192	1	1
0.402067857	0	0
0.112535578	0	0
0.282314317	0	1
0.782486139	1	0
0.071353616	0	0
0.252302284	0	0
0.620003918	1	0
0.182959266	0	0
0.122836047	0	0
0.165076477	0	0
0.164588415	0	0
0.893774844	1	1
0.098013192	0	0
0.398520348	0	0
0.256069169	0	1
0.503025643	1	1
0.167953942	0	0
0.455157688	0	0
0.348976759	0	1
0.969842040	1	1
0.967563988	1	1
0.535614911	1	0
0.228658193	0	0
0.117876948	0	0
0.907780244	1	1
0.076360818	0	0
0.126080160	0	0
0.392744392	0	0
0.615684395	1	0
0.820447725	1	0
0.891125264	1	1
0.250521169	0	0
0.436645855	0	0
0.504602439	1	0
0.277897597	0	0
0.273901770	0	0
0.974441275	1	1
0.926799452	1	1
0.978695126	1	1
0.118824171	0	0
0.882323216	1	1
0.159547913	0	0
0.982681856	1	1
0.137820518	0	0
0.395085355	0	0
0.071434193	0	0
0.067875597	0	0
0.266053061	0	0
0.611731265	1	1
0.357867688	0	0
0.072044386	0	0
0.953572863	1	1
0.193664452	0	0
0.812827754	1	0
0.373757870	0	1
0.578236398	1	1
0.478460705	0	0
0.308322154	0	0
0.373980017	0	0
0.407287281	0	0
0.819793263	1	1
0.959880280	1	1
0.677881243	1	1
0.456066559	0	0
0.988681680	1	1
0.946276787	1	1
0.274104287	0	0
0.106300358	0	0
0.243625849	0	0
0.435133193	0	0
0.830432729	1	1
0.322463368	0	0
0.071356218	0	0
0.779613220	1	1
0.162841602	0	0
0.284226426	0	0
0.091343806	0	0
0.612134710	1	1
0.163933179	0	0
0.614621771	1	0
0.792806672	1	0
0.662704295	1	0
0.756979233	1	1
0.548698530	1	0
0.922876563	1	1
0.212584180	0	0
0.063789984	0	0
0.975811003	1	1
0.294599337	0	0
0.496166627	0	0
0.157567136	0	0
0.186103368	0	0
0.397258925	0	0
0.965438984	1	0
0.685204957	1	1
0.688608916	1	0
0.795949485	1	1
0.052948273	0	0
0.626416131	1	0
0.227521615	0	0
0.173903140	0	0
0.433369435	0	0
0.961619275	1	1
0.612940363	1	1
0.991864959	1	1
0.322295867	0	1
0.203044415	0	0
0.455484539	0	0
0.648040951	1	1
0.923324468	1	1
0.397396346	0	1
0.113874416	0	0
0.420730677	0	0
0.688214262	1	0
0.927655541	1	1
0.124933361	0	0
0.695603221	1	0
0.676897599	1	1
0.507976278	1	0
0.374368663	0	0
0.804290992	1	1
0.604473851	1	1
0.932495120	1	1
0.687127935	1	1
0.055619056	0	1
0.963651594	1	1
0.697487112	1	1
0.697229863	1	1
0.967578266	1	1
0.609986579	1	1
0.366944389	0	0
0.153307887	0	1
0.944214846	1	1
0.626236970	1	1
0.771249765	1	0
0.690350418	1	0
0.908064487	1	1
0.196755154	0	0
0.953806710	1	1
0.583381972	1	1
0.587812428	1	0
0.816889156	1	1
0.231417797	0	0
0.087800852	0	0
0.330916178	0	0
0.200331813	0	0
0.130780619	0	0
0.886701359	1	0
0.103448863	0	0
0.169097306	0	0
0.818621597	1	1
0.912077376	1	1
0.129107375	0	0
0.981359575	1	1
0.383180313	0	1
0.597379930	1	1
0.147670229	0	0
0.570626806	1	0
0.519770196	1	0
0.076378278	0	0
0.105031964	0	0
0.869092207	1	1
0.315346430	0	0
0.116637863	0	0
0.666757904	1	0
0.143221934	0	0
0.861918675	1	0
0.084276063	0	0
0.256400360	0	0
0.908979204	1	1
0.321224614	0	0
0.961105918	1	1
0.803675222	1	0
0.586742740	1	0
0.596696985	1	0
0.432619120	0	0
0.890244825	1	1
0.867874498	1	1
0.929341939	1	1
0.273572534	0	0
0.563851940	1	0
0.081286631	0	0
0.970854947	1	1
0.655459879	1	1
0.960954488	1	1
0.817842318	1	0
0.445247703	0	0
0.645659417	1	1
0.839026820	1	1
0.085807246	0	0
0.955068233	1	1
0.757825484	1	0
0.924186908	1	0
0.098943124	0	0
0.298089136	0	0
0.125705965	0	0
0.692042518	1	1
0.162097521	0	0
0.993143671	1	1
0.856346519	1	0
0.484159538	0	1
0.152293993	0	0
0.217363607	0	0
0.322998656	0	0
0.993024553	1	1
0.273852771	0	0
0.392247673	0	0
0.991320340	1	1
0.713106929	1	0
0.729452548	1	1
0.180274593	0	0
0.791244653	1	1
0.996914200	1	1
0.970074872	1	1
0.059575090	0	0
0.421291550	0	0
0.971316749	1	1
0.961844327	1	1
0.110595832	0	0
0.125573614	0	0
0.137418248	0	1
0.840665371	1	1
0.952458379	1	1
0.521626571	1	0
0.476891845	0	0
0.811982222	1	1
0.631327204	1	0
0.278052706	0	0
0.180406254	0	1
0.400665559	0	0
0.117886274	0	0
0.121385505	0	0
0.885910905	1	1
0.491350687	0	0
0.871465941	1	0
0.489622850	0	0
0.537027857	1	0
0.088253916	0	0
0.430057198	0	0
0.088472261	0	0
0.069280469	0	0
0.252496255	0	0
0.360694569	0	0
0.082119646	0	0
0.483847175	0	0
0.656218552	1	1
0.069199805	0	0
0.471417470	0	0
0.655511578	1	0
0.222194727	0	0
0.446244343	0	1
0.333875643	0	0
0.683850103	1	1
0.197710640	0	0
0.244826765	0	0
0.901151308	1	1
0.920342008	1	1
0.421884887	0	0
0.684808293	1	0
0.874961167	1	1
0.398933586	0	0
0.367938896	0	1
0.407994150	0	0
0.966600840	1	1
0.206693439	0	0
0.471730152	0	0
0.141165622	0	0
0.962862036	1	1
0.885670843	1	1
0.725280098	1	1
0.536569055	1	0
0.204064629	0	0
0.159744452	0	0
0.177854679	0	0
0.436073912	0	0
0.059701116	0	0
0.115703635	0	0
0.713697456	1	0
0.270345615	0	0
0.381760742	0	0
0.616092239	1	1
0.291941958	0	1
0.940096212	1	1
0.290620685	0	0
0.821530314	1	1
0.194517672	0	1
0.107304710	0	0
0.936964606	1	1
0.480808870	0	1
0.116419104	0	0
0.293555836	0	0
0.949024333	1	1
0.296433653	0	0
0.401269209	0	0
0.113972526	0	0
0.777758635	1	1
0.259860091	0	0
0.226098600	0	1
0.194426885	0	0
0.181559869	0	1
0.097803529	0	0
0.188737745	0	0
0.131882981	0	0
0.337257352	0	0
0.924680174	1	1
0.522410931	1	0
0.431079893	0	0
0.245725807	0	0
0.096328476	0	0
0.536563327	1	0
0.414874369	0	0
0.729151615	1	0
0.258055575	0	0
0.201557623	0	0
0.915930759	1	0
0.346234392	0	0
0.115980696	0	0
0.346202281	0	1
0.185212777	0	0
0.243441622	0	0
0.876062003	1	1
0.880232695	1	0
0.971561125	1	1
0.180340541	0	0
0.147501502	0	0
0.787032718	1	1
0.479131334	0	0
0.542820452	1	0
0.072787121	0	0
0.937622061	1	1
0.104706906	0	1
0.414026881	0	0
0.114556262	0	0
0.747671832	1	1
0.127275653	0	0
0.233705368	0	0
0.696712617	1	1
0.115938520	0	0
0.875527157	1	1
0.155928518	0	0
0.103739308	0	0
0.639985359	1	1
0.239215797	0	1
0.430362605	0	0
0.968308694	1	1
0.191826306	0	1
0.115930189	0	0
0.829812113	1	1
0.906674191	1	1
0.541105573	1	0
0.919320111	1	1
0.927095715	1	1
0.812612816	1	1
0.107483846	0	0
0.930675857	1	1
0.807876508	1	1
0.166248882	0	0
0.052021152	0	0
0.658835240	1	1
0.989639477	1	1
0.130607036	0	0
0.634090741	1	1
0.421762207	0	0
0.316038505	0	0
0.545738169	1	1
0.173354245	0	0
0.383438724	0	0
0.075240201	0	0
0.150178643	0	0
0.297429242	0	0
0.981536112	1	1
0.869626040	1	1
0.047822660	0	0
0.867182745	1	1
0.183783053	0	0
0.444897437	0	0
0.439622668	0	0
0.168230091	0	0
0.317811168	0	1
0.180385054	0	0
0.061517389	0	0
0.616117435	1	0
0.069749497	0	0
0.198432279	0	0
0.178931977	0	0
0.964552933	1	1
0.091429798	0	0
0.785311618	1	1
0.952386623	1	1
0.669326529	1	1
0.091079615	0	0
0.467100920	0	0
0.108626068	0	0
0.192162975	0	0
0.949871481	1	1
0.446597683	0	0
0.635617841	1	1
0.040271053	0	0
0.993933311	1	1
0.733946850	1	1
0.278590713	0	0
0.084634589	0	0
0.781071359	1	1
0.485593639	0	1
0.083273282	0	0
0.629813716	1	1
0.138753998	0	0
0.175819101	0	0
0.135257745	0	0
0.145675162	0	1
0.067369526	0	0
0.058100752	0	0
0.930457951	1	1
0.148077521	0	0
0.424290323	0	1
0.133747906	0	0
0.362357599	0	0
0.292433123	0	0
0.958990095	1	1
0.263094180	0	0
0.209037091	0	0
0.238564836	0	0
0.425506171	0	0
0.647835768	1	1
0.109337404	0	0
0.384583174	0	0
0.966512779	1	1
0.086517818	0	0
0.521829303	1	0
0.233091661	0	0
0.682115504	1	0
0.492237471	0	0
0.070567733	0	0
0.960731153	1	1
0.124340169	0	0
0.858121476	1	1
0.200775867	0	0
0.263661977	0	1
0.434432955	0	1
0.849130057	1	1
0.969585012	1	1
0.805500615	1	1
0.573877396	1	0
0.126949133	0	0
0.132394640	0	0
0.246402993	0	0
0.991251598	1	1
0.108350111	0	0
0.948736931	1	1
0.736833566	1	0
0.351118887	0	0
0.387985664	0	0
0.445847237	0	0
0.671834058	1	0
0.147708239	0	0
0.379906999	0	0
0.647516405	1	0
0.226499396	0	0
0.290508923	0	1
0.048432621	0	0
0.155448418	0	0
0.071357080	0	0
0.450860393	0	0
0.104152117	0	0
0.564729754	1	0
0.858145339	1	1
0.542150506	1	1
0.526244358	1	0
0.203586775	0	0
0.349866791	0	0
0.934977467	1	1
0.103851431	0	0
0.290856058	0	0
0.933391542	1	1
0.488883232	0	0
0.448154295	0	1
0.970157693	1	1
0.297081412	0	0
0.196592240	0	0
0.860510784	1	0
0.074737772	0	0
0.406907083	0	0
0.051889853	0	0
0.681052730	1	0
0.983846117	1	1
0.171542709	0	0
0.927156897	1	1
0.965416273	1	1
0.246463921	0	0
0.809171675	1	0
0.331090851	0	0
0.777428790	1	1
0.636552146	1	0
0.287128584	0	0
0.043616791	0	0
0.347227363	0	0
0.169581432	0	0
0.147895992	0	0
0.252558120	0	0
0.946953871	1	1
0.508924185	1	0
0.982766224	1	1
0.055187679	0	0
0.300473395	0	0
0.158030731	0	0
0.780874412	1	1
0.106304731	0	0
0.978016444	1	1
0.179768705	0	0
0.127571565	0	0
0.119959328	0	0
0.945336490	1	1
0.616426302	1	0
0.097581615	0	1
0.185945646	0	0
0.996124969	1	1
0.818070620	1	0
0.269348246	0	0
0.204637933	0	0
0.101693448	0	0
0.161213038	0	0
0.164800889	0	1
0.252419599	0	0
0.231125584	0	0
0.256502186	0	0
0.541388560	1	0
0.642419339	1	0
0.115683814	0	0
0.174085599	0	0
0.587492707	1	0
0.267655520	0	1
0.437206506	0	1
0.301400011	0	0
0.108310581	0	0
0.097282914	0	0
0.237214788	0	0
0.845623806	1	1
0.964890555	1	1
0.205077918	0	0
0.148433277	0	0
0.033399128	0	0
0.538078020	1	0
0.273789308	0	0
0.129136924	0	0
0.124948786	0	0
0.951769946	1	1
0.962721054	1	1
0.177406497	0	0
0.956302180	1	1
0.533577898	1	1
0.089004834	0	0
0.143355580	0	0
0.118116367	0	0
0.346296691	0	0
0.028654279	0	0
0.641689528	1	0
0.290680161	0	1
0.392377634	0	1
0.645945494	1	0
0.161205394	0	0
0.965796694	1	1
0.654333003	1	0
0.908913755	1	1
0.889963155	1	1
0.306569730	0	1
0.401980252	0	0
0.061546872	0	0
0.082166974	0	0
0.579110007	1	0
0.073299655	0	0
0.101502828	0	1
0.151945024	0	0
0.242121099	0	0
0.835819232	1	1
0.248827949	0	0
0.964711856	1	1
0.106760581	0	0
0.850696358	1	1
0.528397920	1	0
0.416104188	0	0
0.867654687	1	1
0.989994478	1	1
0.865916941	1	1
0.159254020	0	0
0.063305535	0	0
0.144721793	0	0
0.128803424	0	0
0.183740237	0	0
0.863157800	1	1
0.572996454	1	1
0.610607975	1	1
0.247175046	0	0
0.683297869	1	1
0.802241762	1	1
0.101161033	0	0
0.303519594	0	0
0.691368517	1	1
0.949524669	1	1
0.435639102	0	0
0.645376000	1	0
0.342270081	0	0
0.487058792	0	1
0.263384763	0	0
0.447895072	0	0
0.656111616	1	1
0.246017514	0	0
0.551385948	1	0
0.908033063	1	1
0.066656699	0	0
0.714811057	1	0
0.293685966	0	0
0.472637861	0	0
0.392248765	0	0
0.451845886	0	1
0.774083591	1	0
0.248850080	0	0
0.144694838	0	0
0.287990978	0	0
0.951879282	1	1
0.784285738	1	1
0.767760574	1	0
0.120538647	0	0
0.463694406	0	0
0.892658188	1	1
0.574623289	1	1
0.965854790	1	1
0.469141228	0	1
0.985668489	1	1
0.116603550	0	0
0.080947167	0	0
0.106525842	0	0
0.505065789	1	0
0.173277109	0	0
0.268629399	0	1
0.491273566	0	1
0.916052492	1	1
0.842738216	1	1
0.211685631	0	0
0.106189289	0	0
0.993323515	1	1
0.925407784	1	1
0.323987374	0	0
0.961811096	1	1
0.940319399	1	1
0.181498514	0	0
0.196369670	0	0
0.724015940	1	1
0.154060142	0	0
0.149401169	0	0
0.499214259	0	0
0.783673839	1	1
0.295831089	0	0
0.793222836	1	1
0.190672062	0	0
0.962552266	1	0
0.335494990	0	0
0.984605258	1	1
0.305400599	0	0
0.128877206	0	0
0.512272110	1	0
0.524954796	1	0
0.253975687	0	0
0.098339110	0	0
0.416159823	0	0
0.566136457	1	1
0.803081208	1	1
0.046307275	0	0
0.554984019	1	0
0.875103641	1	1
0.045629632	0	0
0.580284961	1	1
0.467699313	0	0
0.818829468	1	1
0.806445146	1	1
0.475774343	0	1
0.068861110	0	0
0.956064399	1	1
0.904444079	1	1
0.139000641	0	0
0.980049821	1	0
0.563499135	1	1
0.138857337	0	0
0.436677573	0	0
0.967996456	1	1
0.516915402	1	0
0.354320210	0	0
0.957560045	1	1
0.729924596	1	1
0.837472471	1	1
0.412495563	0	1
0.176204716	0	0
0.828403893	1	0
0.129286649	0	0
0.536734724	1	0
0.134402571	0	0
0.346187753	0	0
0.222649711	0	0
0.551401384	1	0
0.785165052	1	1
0.197504748	0	0
0.453198413	0	0
0.136430528	0	1
0.170852997	0	0
0.979560856	1	1
0.463515019	0	1
0.716049454	1	1
0.136096598	0	0
0.606391090	1	1
0.131674656	0	0
0.128500619	0	0
0.350105360	0	0
0.823773164	1	1
0.089806366	0	0
0.118449959	0	0
0.110609920	0	1
0.591200128	1	0
0.610715078	1	0
0.940225003	1	1
0.195719348	0	0
0.720751091	1	0
0.044155064	0	0
0.111335713	0	0
0.104765479	0	0
0.758434406	1	0
0.071711953	0	0
0.066501146	0	0
0.742176017	1	0
0.100487199	0	0
0.869562816	1	1
0.606282948	1	0
0.468957981	0	0
0.831815986	1	1
0.552606593	1	1
0.288513026	0	0
0.190936239	0	0
0.789387330	1	1
0.416201092	0	0
0.653811507	1	0
0.484125305	0	0
0.547026240	1	0
0.972332836	1	1
0.547899302	1	1
0.284842534	0	0
0.838819353	1	1
0.231637974	0	0
0.084391135	0	0
0.620640618	1	1
0.988236705	1	1
0.124394576	0	0
0.845429565	1	1
0.084981338	0	0
0.136156656	0	0
0.908579288	1	1
0.471625981	0	0
0.157331995	0	0
0.429261419	0	0
0.671381561	1	1
0.469279810	0	1
0.292443148	0	0
0.732345861	1	1
0.101818086	0	0
0.172808692	0	0
0.392440583	0	0
0.178629649	0	1
0.771611026	1	0
0.291451768	0	0
0.365626990	0	0
0.227479181	0	0
0.487203985	0	1
0.204009040	0	0
0.103548209	0	0
0.092538527	0	0
0.397727254	0	0
0.794597244	1	0
0.961540261	1	1
0.567023600	1	0
0.435334622	0	0
0.921530207	1	1
0.468020602	0	0
0.523034286	1	0
0.905963913	1	1
0.120143679	0	0
0.469168278	0	0
0.069034339	0	0
0.375068220	0	1
0.120411744	0	0
0.640772511	1	1
0.102438448	0	0
0.601290852	1	0
0.067494755	0	0
0.970227707	1	1
0.151395950	0	0
0.061848343	0	0
0.188857247	0	0
0.120207081	0	0
0.251818914	0	0
0.126016823	0	0
0.507787707	1	0
0.404958145	0	0
0.486464608	0	0
0.049652555	0	0
0.535500739	1	0
0.586770364	1	0
0.476945126	0	0
0.963867575	1	1
0.779576368	1	1
0.683188891	1	0
0.383133256	0	0
0.432023002	0	0
0.854371906	1	1
0.996162738	1	1
0.911641985	1	1
0.118073531	0	0
0.392809898	0	0
0.991569138	1	1
0.909246789	1	1
0.856115252	1	1
0.664861622	1	0
0.133869486	0	0
0.632516228	1	1
0.105605245	0	0
0.146381544	0	0
0.264559999	0	0
0.848177868	1	1
0.768696331	1	0
0.970562343	1	1
0.509710527	1	0
0.995833422	1	1
0.965336547	1	0
0.564962109	1	0
0.326830169	0	0
0.921791071	1	1
0.919394627	1	1
0.606504740	1	0
0.096695061	0	0
0.897374726	1	1
0.182751184	0	0
0.118401871	0	0
0.126470934	0	0
0.049112749	0	0
0.124058511	0	0
0.699935771	1	0
0.057350272	0	0
0.228713559	0	0
0.316430390	0	0
0.674342812	1	1
0.047400169	0	0
0.878494617	1	1
0.119001096	0	0
0.997147134	1	1
0.078571674	0	0
0.744279935	1	1
0.136249597	0	0
0.601094082	1	0
0.530331086	1	0
0.851780761	1	1
0.269435370	0	0
0.968073318	1	1
0.563001850	1	0
0.348427403	0	0
0.767649918	1	1
0.174387980	0	0
0.958802749	1	1
0.346475431	0	0
0.259302466	0	0
0.050578933	0	0
0.634903354	1	1
0.063170302	0	0
0.138592584	0	0
0.783849161	1	0
0.136768388	0	1
0.708799514	1	0
0.051939384	0	0
0.965647540	1	0
0.737518992	1	1
0.791356975	1	1
0.107937312	0	0
0.160342965	0	0
0.133389209	0	0
0.181144791	0	0
0.465788681	0	1
0.719767092	1	0
0.187524525	0	1
0.172300445	0	0
0.962049615	1	1
0.394736635	0	0
0.080964294	0	0
0.887770996	1	1
0.232931886	0	0
0.144666986	0	0
0.410032551	0	0
0.462526597	0	0
0.153453117	0	0
0.417979184	0	0
0.133092986	0	0
0.273899451	0	0
0.077528734	0	0
0.088537443	0	0
0.156118129	0	0
0.380852526	0	1
0.173607730	0	0
0.602557486	1	0
0.667118389	1	1
0.969768127	1	1
0.537525466	1	0
0.986188677	1	1
0.880575981	1	0
0.155323202	0	0
0.427154465	0	0
0.457410731	0	0
0.067391781	0	0
0.251463333	0	0
0.084590942	0	0
0.168535471	0	0
0.541045895	1	1
0.814530699	1	1
0.027636608	0	1
0.087246434	0	0
0.076487854	0	0
0.250345426	0	1
0.825428981	1	0
0.374468176	0	0
0.970514618	1	1
0.428786653	0	0
0.606713580	1	1
0.673124514	1	0
0.114928616	0	0
0.684500254	1	1
0.485505986	0	0
0.375302682	0	0
0.820483722	1	1
0.072309222	0	0
0.786330407	1	1
0.155622258	0	0
0.113239094	0	0
0.790847944	1	1
0.262842893	0	1
0.113235375	0	1
0.397161277	0	1
0.240274843	0	1
0.943478015	1	0
0.394892063	0	1
0.073493192	0	0
0.074438726	0	1
0.864645859	1	1
0.322357775	0	0
0.889163443	1	1
0.095573543	0	0
0.558065726	1	0
0.258386157	0	0
0.593185853	1	0
0.126962604	0	0
0.211790246	0	0
0.138164803	0	0
0.235903182	0	0
0.087088832	0	0
0.836842036	1	1
0.954536174	1	1
0.435452275	0	0
0.659986693	1	1
0.550253122	1	1
0.321911300	0	1
0.655886068	1	0
0.824244489	1	1
0.355181152	0	0
0.077462119	0	0
0.092856803	0	0
0.091482407	0	0
0.443311867	0	0
0.469716948	0	1
0.333203158	0	0
0.075526842	0	0
0.193575927	0	0
0.624012560	1	0
0.084846284	0	0
0.777108770	1	1
0.145286036	0	0
0.353744392	0	0
0.876101490	1	1
0.736533961	1	0
0.580435111	1	1
0.150204283	0	0
0.439424155	0	0
0.470255303	0	0
0.466488709	0	1
0.155316403	0	0
0.831245174	1	0
0.065355846	0	0
0.095536398	0	0
0.121634038	0	0
0.406022054	0	1
0.120454933	0	0
0.126119599	0	1
0.242738116	0	0
0.607836055	1	0
0.420116661	0	0
0.550696068	1	0
0.208805665	0	0
0.963827519	1	1
0.227678950	0	0
0.430965200	0	1
0.816301777	1	1
0.997015914	1	1
0.262944018	0	0
0.656195460	1	0
0.853741026	1	1
0.623907469	1	0
0.787761968	1	0
0.592161424	1	0
0.294784378	0	0
0.868809133	1	1
0.337965184	0	0
0.177352622	0	0
0.063496709	0	0
0.530566399	1	0
0.372263512	0	1
0.366415631	0	0
0.335126112	0	0
0.280720978	0	0
0.684658091	1	0
0.955602890	1	1
0.450266815	0	0
0.547561312	1	0
0.329585742	0	0
0.525930952	1	0
0.237976741	0	0
0.353299962	0	0
0.996641397	1	1
0.765706299	1	1
0.067852875	0	0
0.796578194	1	1
0.816815034	1	1
0.682054737	1	1
0.491127501	0	0
0.083053834	0	0
0.211875307	0	0
0.566370289	1	0
0.185321174	0	1
0.250528248	0	0
0.276691891	0	0
0.791947522	1	0
0.244307255	0	0
0.766776353	1	1
0.502306187	1	1
0.611356585	1	1
0.552332242	1	0
0.853919720	1	1
0.081513781	0	1
0.938834698	1	1
0.463866814	0	0
0.111305528	0	0
0.773057747	1	0
0.471728499	0	0
0.120076776	0	0
0.962906739	1	1
0.647455789	1	0
0.165857404	0	0
0.893467659	1	1
0.809469580	1	1
0.716162849	1	1
0.323407965	0	0
0.897777221	1	0
0.947515346	1	1
0.299588634	0	0
0.343495437	0	0
0.101070425	0	1
0.346297269	0	0
0.280154800	0	1
0.511886525	1	1
0.456543915	0	0
0.105580790	0	0
0.508271328	1	1
0.417233557	0	0
0.930651376	1	1
0.255066442	0	1
0.415978365	0	0
0.473458457	0	1
0.623136452	1	0
0.259620450	0	1
0.345370284	0	1
0.070829208	0	0
0.882946729	1	1
0.864232006	1	1
0.717217334	1	0
0.985269152	1	1
0.632811944	1	0
0.516811725	1	1
0.224856227	0	0
0.662523649	1	0
0.996256333	1	1
0.382754704	0	0
0.185518975	0	0
0.207076727	0	0
0.147025157	0	0
0.137089416	0	0
0.439629178	0	0
0.425445743	0	0
0.978160328	1	1
0.059826155	0	0
0.564191048	1	0
0.160402273	0	0
0.403287721	0	0
0.034694844	0	0
0.354689401	0	0
0.276082576	0	0
0.955022643	1	1
0.684098325	1	1
0.957421683	1	1
0.252116084	0	0
0.219969208	0	0
0.687738719	1	0
0.469291814	0	0
0.547862373	1	1
0.493429188	0	0
0.583062318	1	1
0.088788014	0	0
0.289895364	0	0
0.111708841	0	0
0.153803231	0	0
0.793507791	1	1
0.248122010	0	0
0.133556628	0	0
0.930271268	1	1
0.255313403	0	0
0.220877940	0	0
0.284702131	0	1
0.569170508	1	0
0.357091556	0	0
0.847244654	1	1
0.098896030	0	0
0.354750444	0	0
0.830351704	1	1
0.090991354	0	0
0.136773010	0	0
0.128946719	0	0
0.072559896	0	0
0.469138892	0	0
0.688406210	1	0
0.937732348	1	1
0.429818561	0	0
0.100852266	0	0
0.179424496	0	0
0.368292535	0	0
0.530304504	1	0
0.086507368	0	0
0.131842527	0	0
0.120264824	0	0
0.215527217	0	0
0.921809397	1	1
0.056734942	0	0
0.923574197	1	1
0.946642589	1	0
0.082463431	0	0
0.636353828	1	1
0.970392705	1	1
0.800269761	1	1
0.927097040	1	1
0.690074071	1	1
0.789411931	1	1
0.954325133	1	1
0.248033606	0	0
0.958614687	1	1
0.542569280	1	1
0.730252991	1	0
0.808988086	1	1
0.647317661	1	0
0.038689554	0	0
0.907533419	1	0
0.325555953	0	0
0.657383995	1	1
0.117715553	0	0
0.624939608	1	1
0.389882359	0	0
0.469550861	0	0
0.706247451	1	0
0.750006093	1	0
0.224163060	0	0
0.484728703	0	1
0.149833168	0	0
0.099250315	0	0
0.037867407	0	0
0.398241536	0	0
0.080111150	0	1
0.391058376	0	0
0.389443300	0	0
0.377090506	0	0
0.662481917	1	0
0.611881398	1	1
0.702496743	1	0
0.190280687	0	0
0.858536343	1	1
0.840519659	1	1
0.811862405	1	1
0.315122129	0	0
0.959669617	1	1
0.731519232	1	1
0.651647508	1	1
0.144456874	0	0
0.238881257	0	0
0.483456865	0	1
0.992377901	1	1
0.971521959	1	1
0.353733729	0	0
0.218539822	0	1
0.580141712	1	0
0.124106324	0	0
0.100489950	0	0
0.798721154	1	0
0.136899905	0	0
0.041486286	0	0
0.326656005	0	1
0.098443611	0	0
0.970393609	1	1
0.984083998	1	1
0.155223902	0	0
0.249204833	0	0
0.337957277	0	0
0.689930984	1	1
0.136264491	0	0
0.885730607	1	1
0.589985697	1	1
0.618686978	1	1
0.057732562	0	0
0.445803962	0	0
0.236391454	0	0
0.246604748	0	1
0.678549976	1	0
0.095677620	0	0
0.883277309	1	1
0.670049790	1	0
0.991777170	1	1
0.174116016	0	0
0.339223719	0	0
0.668477183	1	0
0.462305174	0	0
0.349883266	0	0
0.055435078	0	0
0.933054625	1	1
0.370791218	0	0
0.857971357	1	1
0.912686812	1	1
0.149107116	0	1
0.506979590	1	0
0.158125644	0	0
0.484677309	0	1
0.101636474	0	0
0.071229555	0	0
0.988764905	1	1
0.786861069	1	0
0.301433363	0	0
0.710493513	1	1
0.730035675	1	0
0.669090678	1	0
0.725821893	1	0
0.402061597	0	0
0.125570033	0	0
0.967370988	1	1
0.413484960	0	0
0.711177811	1	0
0.631532228	1	0
0.532347552	1	0
0.850351437	1	1
0.086723309	0	0
0.787200373	1	1
0.967828374	1	1
0.562714162	1	0
0.293386164	0	0
0.300312199	0	0
0.921533115	1	1
0.230597491	0	0
0.093199237	0	0
0.106623437	0	0
0.182076414	0	0
0.615243203	1	0
0.492447281	0	1
0.498240705	0	1
0.489092355	0	0
0.035050276	0	0
0.405507873	0	0
0.212929974	0	0
0.224411310	0	0
0.647176754	1	1
0.694380045	1	1
0.146125144	0	0
0.302592176	0	0
0.131557059	0	0
0.111214607	0	0
0.231092181	0	0
0.189979085	0	0
0.377976795	0	0
0.050090735	0	0
0.581551985	1	0
0.293363732	0	0
0.970991093	1	1
0.420031704	0	0
0.489349759	0	0
0.360330533	0	0
0.270631994	0	0
0.043293802	0	0
0.971494404	1	1
0.875559041	1	1
0.074785001	0	0
0.910691263	1	1
0.917982806	1	1
0.892599880	1	1
0.148121286	0	0
0.320859218	0	0
0.602173438	1	0
0.656892986	1	1
0.282971497	0	0
0.941179005	1	1
0.219514465	0	0
0.357553166	0	1
0.471560126	0	0
0.128695369	0	0
0.153081890	0	0
0.390872028	0	0
0.456969434	0	1
0.559679065	1	0
0.070614927	0	0
0.398162415	0	0
0.279508538	0	0
0.118363467	0	1
0.078063617	0	0
0.526900204	1	0
0.413190739	0	0
0.814722581	1	1
0.184340904	0	1
0.136420574	0	0
0.104515201	0	1
0.909616577	1	1
0.642778807	1	0
0.305600047	0	0
0.209028001	0	0
0.832536143	1	1
0.549904594	1	0
0.986547699	1	1
0.497622996	0	0
0.372769118	0	0
0.531309218	1	0
0.152708172	0	0
0.247507023	0	0
0.371132613	0	1
0.716244932	1	0
0.065658608	0	0
0.256746600	0	1
0.061656709	0	0
0.497515457	0	0
0.901224366	1	1
0.843121175	1	1
0.549412601	1	1
0.618915532	1	1
0.183062575	0	0
0.256191981	0	0
0.322316836	0	0
0.425160945	0	0
0.886757202	1	1
0.618306486	1	1
0.067049346	0	0
0.046025314	0	0
0.184397446	0	0
0.451900991	0	0
0.117014322	0	0
0.821987170	1	1
0.070811987	0	1
0.621221610	1	1
0.516727860	1	0
0.879987357	1	1
0.189163277	0	0
0.893075888	1	1
0.081699816	0	0
0.178674091	0	0
0.926844597	1	1
0.175430620	0	0
0.816918831	1	0
0.969931522	1	1
0.192525810	0	0
0.563206015	1	0
0.974676942	1	1
0.174530483	0	0
0.630922077	1	0
0.258473755	0	0
0.496081234	0	0
0.754995787	1	1
0.680156283	1	0
0.447827159	0	1
0.708138947	1	1
0.715232199	1	1
0.127880420	0	0
0.246724627	0	0
0.229087302	0	0
0.103555719	0	0
0.584201547	1	1
0.178458207	0	0
0.078174638	0	0
0.216689138	0	0
0.571690724	1	0
0.490822321	0	0
0.509111118	1	0
0.353837139	0	1
0.394320330	0	0
0.927215982	1	1
0.582269906	1	1
0.190949230	0	0
0.481058811	0	0
0.724308950	1	1
0.583449018	1	0
0.794998802	1	0
0.255660141	0	0
0.941833383	1	1
0.131364389	0	0
0.591875110	1	1
0.105920721	0	0
0.268742360	0	0
0.233292781	0	0
0.063355981	0	0
0.346588388	0	0
0.114237588	0	0
0.233503232	0	0
0.666843386	1	0
0.211491611	0	0
0.961064631	1	1
0.230471781	0	0
0.559365667	1	0
0.196001747	0	0
0.155679152	0	0
0.394845635	0	0
0.988273910	1	1
0.149993459	0	0
0.142614834	0	0
0.353423905	0	0
0.618047027	1	1
0.325399281	0	0
0.368922365	0	0
0.028277285	0	0
0.061515459	0	0
0.568931274	1	0
0.111040583	0	0
0.172503008	0	0
0.334735209	0	0
0.910157400	1	1
0.107604605	0	0
0.543970009	1	0
0.468129005	0	0
0.356701989	0	0
0.312307372	0	0
0.058395779	0	0
0.956615950	1	1
0.903748503	1	0
0.869767019	1	1
0.083681380	0	0
0.546567674	1	0
0.372417259	0	0
0.719501103	1	1
0.583092663	1	1
0.395523095	0	0
0.113926380	0	0
0.268052135	0	0
0.071202207	0	0
0.516420109	1	0
0.403046557	0	0
0.501554051	1	0
0.246912421	0	0
0.526426211	1	0
0.474914219	0	0
0.809608260	1	0
0.116791533	0	0
0.599245480	1	1
0.957872479	1	1
0.254919014	0	0
0.165349912	0	0
0.928922626	1	1
0.408812690	0	0
0.415576053	0	0
0.095079953	0	0
0.876070003	1	1
0.603854087	1	0
0.332415797	0	0
0.054406718	0	0
0.278090171	0	0
0.139987908	0	0
0.386029066	0	0
0.860297051	1	1
0.158708487	0	0
0.342291907	0	0
0.074704790	0	0
0.194523692	0	0
0.194017548	0	0
0.861727890	1	1
0.932438759	1	0
0.095676664	0	0
0.179300025	0	0
0.046287779	0	0
0.529502740	1	0
0.584550870	1	0
0.239218783	0	1
0.678359141	1	1
0.456592254	0	1
0.719664044	1	1
0.543313343	1	1
0.120918313	0	0
0.822602250	1	1
0.098212744	0	0
0.096405359	0	0
0.096177605	0	0
0.049641569	0	0
0.240855896	0	0
0.664245710	1	0
0.313295889	0	1
0.731376224	1	0
0.494279675	0	1
0.269120445	0	0
0.788338045	1	0
0.503968032	1	1
0.158659881	0	0
0.097716269	0	0
0.151096333	0	0
0.360836289	0	0
0.224410063	0	1
0.578769454	1	1
0.975319042	1	1
0.593529702	1	0
0.460526755	0	0
0.142240528	0	0
0.820639678	1	1
0.077330346	0	0
0.317363467	0	1
0.036548022	0	0
0.122698890	0	0
0.974333809	1	1
0.182613114	0	0
0.264897235	0	0
0.904476666	1	1
0.894880827	1	1
0.966178523	1	1
0.387664688	0	1
0.463419761	0	0
0.382102804	0	0
0.682418519	1	1
0.130095624	0	0
0.173201382	0	0
0.302245417	0	0
0.458264510	0	0
0.129017260	0	0
0.653476390	1	1
0.833669134	1	1
0.073262769	0	0
0.971564112	1	1
0.106341360	0	0
0.418404324	0	0
0.137949840	0	0
0.180897993	0	0
0.147877040	0	0
0.410511994	0	1
0.246340978	0	0
0.389576937	0	0
0.840366663	1	1
0.990877622	1	1
0.347895972	0	0
0.275361585	0	0
0.219335164	0	0
0.091466455	0	0
0.089472115	0	0
0.964023216	1	1
0.266546437	0	0
0.370174637	0	0
0.963526636	1	1
0.071410494	0	0
0.172565829	0	0
0.023010577	0	0
0.970530709	1	1
0.984623519	1	1
0.209369447	0	0
0.671166512	1	0
0.653245414	1	1
0.476830066	0	0
0.163759173	0	0
0.484577867	0	0
0.096514788	0	0
0.148711360	0	0
0.119183713	0	0
0.892361623	1	0
0.268872022	0	0
0.162747275	0	0
0.239745702	0	1
0.466759838	0	1
0.773701183	1	1
0.556792900	1	1
0.055447198	0	0
0.277748170	0	1
0.101030945	0	1
0.718426792	1	0
0.068072644	0	0
0.497044311	0	1
0.686877273	1	0
0.064100429	0	0
0.306549510	0	0
0.983368075	1	1
0.386125102	0	1
0.528342980	1	0
0.223091761	0	0
0.181288268	0	1
0.705092190	1	0
0.385999010	0	1
0.420180406	0	1
0.912763305	1	1
0.071823677	0	0
0.696883824	1	0
0.125464681	0	0
0.738427736	1	1
0.133167322	0	0
0.196979229	0	0
0.805317154	1	1
0.396873074	0	0
0.517287922	1	0
0.209574951	0	0
0.817965411	1	0
0.296013472	0	0
0.621895569	1	1
0.448848142	0	1
0.289068531	0	0
0.613814716	1	0
0.144074862	0	0
0.115235843	0	0
0.080865566	0	0
0.094996959	0	0
0.116087570	0	0
0.618917333	1	1
0.461223068	0	1
0.468859869	0	0
0.053119932	0	0
0.571480765	1	1
0.201876290	0	0
0.940285855	1	1
0.821099539	1	1
0.794125067	1	1
0.963946762	1	1
0.714968125	1	1
0.605562489	1	1
0.179488434	0	0
0.442154693	0	1
0.118816584	0	1
0.997260593	1	1
0.167189832	0	0
0.680539304	1	1
0.318345885	0	0
0.245279111	0	0
0.181806305	0	0
0.971492603	1	1
0.346412256	0	0
0.855743526	1	1
0.261243075	0	0
0.116323463	0	0
0.146905901	0	1
0.129034624	0	0
0.058248528	0	0
0.089742745	0	0
0.395835409	0	0
0.336434915	0	1
0.715371195	1	1
0.074119355	0	0
0.087629678	0	0
0.401350783	0	1
0.651984572	1	1
0.834462407	1	0
0.185039438	0	1
0.909767423	1	1
0.484247629	0	0
0.197223149	0	0
0.775088158	1	0
0.609876939	1	0
0.979852912	1	1
0.253341591	0	0
0.233978686	0	0
0.224020617	0	1
0.710014804	1	1
0.069324209	0	0
0.950958182	1	0
0.241336033	0	1
0.095696759	0	0
0.335907433	0	0
0.919683570	1	1
0.110511624	0	0
0.228497877	0	0
0.190053269	0	0
0.463972707	0	0
0.339784208	0	1
0.376554721	0	0
0.897289346	1	0
0.200149587	0	0
0.992755860	1	1
0.757643809	1	1
0.962327228	1	1
0.190749308	0	0
0.881230617	1	1
0.175105783	0	0
0.878965165	1	0
0.161885416	0	0
0.059060152	0	0
0.955695617	1	1
0.265512072	0	0
0.154500686	0	1
0.216767511	0	0
0.143186355	0	0
0.315757604	0	0
0.228247182	0	0
0.915545221	1	1
0.800562424	1	1
0.280083409	0	0
0.385288635	0	0
0.116858609	0	1
0.365688347	0	0
0.970782430	1	1
0.305657712	0	1
0.979126280	1	1
0.727161793	1	1
0.520783439	1	1
0.335572339	0	0
0.180288650	0	0
0.479307143	0	1
0.148125637	0	0
0.534721170	1	0
0.685669022	1	1
0.342101889	0	0
0.225744232	0	0
0.773429773	1	1
0.957288325	1	1
0.114979390	0	0
0.874996378	1	1
0.936972745	1	1
0.856969151	1	1
0.119093992	0	0
0.718223459	1	1
0.193620330	0	0
0.441563915	0	0
0.596444211	1	0
0.155242691	0	0
0.419834389	0	0
0.862688181	1	1
0.178221124	0	0
0.992643897	1	1
0.510868943	1	0
0.509678504	1	0
0.558251322	1	1
0.094752950	0	0
0.120709781	0	0
0.289458169	0	0
0.919214377	1	1
0.406839782	0	1
0.665847141	1	0
0.105390243	0	0
0.970843083	1	1
0.055850084	0	0
0.383386396	0	0
0.881112569	1	1
0.147482554	0	0
0.734793240	1	1
0.871685322	1	1
0.743741056	1	0
0.845159683	1	1
0.909115215	1	1
0.282553660	0	0
0.572681790	1	0
0.769924554	1	1
0.891780270	1	1
0.152282741	0	0
0.182830347	0	0
0.162454638	0	0
0.863474008	1	0
0.171274561	0	0
0.726401351	1	1
0.774817414	1	1
0.330843629	0	1
0.759814500	1	1
0.191640495	0	1
0.117210294	0	0
0.482030841	0	1
0.255652405	0	0
0.783816001	1	1
0.580427010	1	0
0.118531227	0	0
0.116855362	0	0
0.851836191	1	1
0.390661754	0	0
3182	839
0.732376395534
