1	10333.6874593	10281	4718
2	7735.71862711	11375	3624
3	7562.83039011	11544	3455
0.187149582	0	1
0.746881104	1	0
0.367873743	0	0
0.317230794	0	1
0.995330536	1	1
0.825875518	1	0
0.978934002	1	1
0.043401597	0	0
0.080243686	0	0
0.993536608	1	1
0.766363604	1	0
0.144238463	0	0
0.306127950	0	1
0.689961542	1	0
0.721962894	1	0
0.050534307	0	0
0.813083245	1	1
0.892473883	1	1
0.073509212	0	0
0.232907716	0	0
0.308173459	0	1
0.684363098	1	1
0.999997076	1	1
0.088403503	0	0
0.096914717	0	0
0.763824187	1	1
0.209019457	0	0
0.068852319	0	0
0.964062918	1	1
0.343701310	0	1
0.353833517	0	0
0.436275144	0	0
0.894208584	1	1
0.867596757	1	1
0.449864534	0	1
0.926152120	1	1
0.257051824	0	0
0.964347191	1	0
0.073186950	0	0
0.296520666	0	0
0.176625833	0	0
0.417900068	0	0
0.532475708	1	0
0.253374318	0	0
0.503698059	1	0
0.140316404	0	0
0.489771816	0	1
0.221854882	0	0
0.998274874	1	1
0.087369788	0	0
0.788132658	1	1
0.699603628	1	0
0.281882941	0	0
0.511905449	1	1
0.282833480	0	1
0.048062466	0	0
0.363176885	0	0
0.086186615	0	0
0.627867570	1	0
0.315324600	0	1
0.615969825	1	1
0.153543783	0	0
0.845112154	1	0
0.202743891	0	1
0.165232405	0	0
0.304494659	0	0
0.139940420	0	0
0.026528313	0	0
0.033843637	0	0
0.067370660	0	0
0.149522072	0	0
0.497234568	0	0
0.738767059	1	1
0.212474749	0	0
0.834416275	1	1
0.921333111	1	1
0.137114242	0	0
0.393568766	0	1
0.273797837	0	1
0.337909951	0	0
0.210727170	0	1
0.156997594	0	0
0.066661315	0	0
0.765904129	1	0
0.240662867	0	0
0.992738318	1	1
0.341909720	0	0
0.146725286	0	0
0.068851897	0	0
0.187223929	0	0
0.579321951	1	1
0.059023306	0	0
0.673323580	1	1
0.194867555	0	0
0.206217762	0	0
0.999723035	1	1
0.999978010	1	1
0.173084011	0	0
0.127345545	0	0
0.049511574	0	0
0.997266183	1	1
0.194075618	0	0
0.732331855	1	0
0.389418078	0	1
0.248137506	0	1
0.433587814	0	1
0.999999989	1	1
0.179730330	0	1
0.999998580	1	1
0.626049421	1	1
0.147356885	0	0
0.168259717	0	0
0.244659961	0	0
0.206452878	0	0
0.662520384	1	1
0.999999993	1	1
0.117189580	0	0
0.923541763	1	1
0.934371988	1	1
0.986080758	1	0
0.673791775	1	0
0.350398212	0	0
0.137795372	0	0
0.188731876	0	0
0.046055457	0	0
0.299268302	0	1
0.067323779	0	0
0.231406836	0	0
0.104530171	0	0
0.959403467	1	1
0.202195317	0	0
0.905438591	1	1
0.545835361	1	0
0.122404737	0	0
0.038386063	0	0
0.164526581	0	0
0.154220335	0	0
0.080644689	0	0
0.633375939	1	0
0.470070186	0	0
0.999999509	1	1
0.179988853	0	1
0.088116313	0	0
0.733993626	1	0
0.327919432	0	1
0.289621557	0	0
0.958500918	1	0
0.741357252	1	0
0.117979562	0	0
0.354224787	0	0
0.120253103	0	1
0.074745001	0	0
0.102012299	0	0
0.051837674	0	0
0.889670436	1	0
0.150531920	0	0
0.748184046	1	0
0.236090584	0	0
0.560264178	1	1
0.319203298	0	0
0.919158783	1	1
0.854421030	1	0
0.107996354	0	1
0.634283732	1	1
0.296125961	0	0
0.065205209	0	1
0.131004081	0	0
0.055935447	0	0
0.976230771	1	1
0.110426081	0	0
0.669758376	1	1
0.740790298	1	0
0.471929791	0	0
0.068916747	0	0
0.400769116	0	1
0.403472144	0	0
0.809932338	1	0
0.726443886	1	1
0.099619146	0	0
0.032435274	0	1
0.681395652	1	0
0.438785563	0	0
0.846802686	1	1
0.775921335	1	1
0.074902823	0	0
0.118810214	0	0
0.213262939	0	0
0.166503525	0	0
0.118960078	0	0
0.801422234	1	1
0.054854971	0	0
0.997260602	1	1
0.231556352	0	1
0.097497849	0	0
0.133509816	0	0
0.945969119	1	1
0.045501389	0	0
0.083172050	0	0
0.102940331	0	0
0.087408155	0	1
0.227284171	0	0
0.174578985	0	0
0.999947339	1	1
0.874896540	1	1
0.356324929	0	0
0.999955888	1	1
0.897326856	1	1
0.263333550	0	0
0.238686568	0	0
0.131547374	0	0
0.107773126	0	0
0.116116202	0	0
0.100072339	0	0
0.160465355	0	0
0.826462989	1	1
0.335144613	0	0
0.062689123	0	0
0.196079907	0	0
0.289857841	0	0
0.737706052	1	1
0.115882091	0	0
0.064981477	0	1
0.446897054	0	0
0.712377832	1	0
0.118493206	0	0
0.451923517	0	0
0.999999718	1	1
0.089182447	0	0
0.270948907	0	0
0.072838553	0	0
0.243606671	0	0
0.132828985	0	0
0.243817180	0	0
0.413364183	0	0
0.041679652	0	0
0.115585541	0	0
0.977139545	1	1
0.037487599	0	0
0.039804308	0	0
0.752439615	1	0
0.083095761	0	0
0.870850789	1	0
0.118860257	0	0
0.999997938	1	1
0.061990702	0	0
0.999994098	1	1
0.517313573	1	1
0.768224560	1	1
0.088512762	0	0
0.136625333	0	0
0.083041955	0	0
0.531282195	1	0
0.352814242	0	1
0.325253937	0	0
0.622360904	1	1
0.509964188	1	0
0.027953233	0	0
0.081954744	0	0
0.092006821	0	0
0.142995494	0	1
0.999580152	1	0
0.259015804	0	1
0.220714292	0	0
0.186797442	0	0
0.878776059	1	1
0.153654721	0	0
0.146136655	0	1
0.090898990	0	0
0.301847315	0	1
0.139570236	0	0
0.945268021	1	1
0.244991622	0	0
0.599782199	1	0
0.217759936	0	0
0.174687447	0	0
0.298827310	0	1
0.145103120	0	0
0.040893936	0	0
0.992399905	1	1
0.522924811	1	1
0.668733467	1	1
0.196965505	0	0
0.286666714	0	0
0.078996767	0	0
0.047159152	0	0
0.086438473	0	0
0.359858300	0	0
0.702042717	1	0
0.999789134	1	1
0.112245252	0	0
0.807506925	1	0
0.323601829	0	0
0.809491311	1	1
0.978524698	1	1
0.363177626	0	0
0.115384952	0	0
0.478890910	0	1
0.737540826	1	0
0.754813978	1	0
0.060440693	0	0
0.162715547	0	0
0.399599550	0	0
0.388930218	0	0
0.133057884	0	0
0.955608520	1	1
0.583006602	1	1
0.813529641	1	1
0.143152382	0	0
0.999967465	1	1
0.889474049	1	0
0.085323410	0	1
0.161589884	0	1
0.087340360	0	0
0.882391487	1	1
0.057184149	0	0
0.993141879	1	1
0.275938207	0	0
0.165809268	0	0
0.208351569	0	0
0.255600237	0	1
0.298677586	0	0
0.269592004	0	0
0.069975695	0	1
0.303005361	0	0
0.293315318	0	0
0.065239127	0	0
0.068725474	0	1
0.220497074	0	1
0.446875433	0	0
0.160890542	0	0
0.328654230	0	1
0.651473623	1	1
0.085526885	0	1
0.115315385	0	0
0.074425417	0	0
0.739864138	1	0
0.246279610	0	0
0.039218456	0	0
0.546522000	1	0
0.799121434	1	0
0.270561527	0	0
0.132121691	0	0
0.890106939	1	1
0.124705075	0	0
0.993781606	1	1
0.312396060	0	0
0.223962487	0	0
0.096501228	0	0
0.180715465	0	0
0.159329917	0	0
0.141912145	0	1
0.851476100	1	1
0.913820276	1	1
0.999318381	1	1
0.087041918	0	0
0.104611642	0	0
0.065074958	0	0
0.174060350	0	0
0.113827993	0	0
0.367727074	0	0
0.115439465	0	0
0.999320529	1	1
0.199294194	0	1
0.103659210	0	1
0.372497156	0	0
0.991786225	1	1
0.423161998	0	1
0.233705609	0	0
0.158669095	0	0
0.704710047	1	0
0.751936101	1	1
0.218738632	0	0
0.884069647	1	1
0.273577408	0	0
0.195276555	0	0
0.077612063	0	1
0.129569773	0	0
0.127323184	0	0
0.999447965	1	1
0.063577451	0	0
0.997620416	1	1
0.161995572	0	0
0.164525735	0	0
0.509635765	1	0
0.985603960	1	1
0.988007143	1	1
0.911278674	1	1
0.760670179	1	0
0.999999286	1	1
0.096417339	0	0
0.099686472	0	0
0.995787661	1	1
0.470196847	0	1
0.129234460	0	0
0.611147916	1	0
0.527947411	1	1
0.997367509	1	1
0.167913452	0	0
0.124096505	0	0
0.259313235	0	0
0.112930189	0	0
0.531870396	1	1
0.214578803	0	0
0.421892174	0	0
0.973797228	1	0
0.467485871	0	0
0.562545352	1	0
0.708803100	1	0
0.863322754	1	1
0.133155699	0	0
0.062893215	0	0
0.567020717	1	1
0.095810806	0	0
0.860665218	1	1
0.159621351	0	0
0.938949004	1	0
0.068523078	0	0
0.157761728	0	1
0.990690164	1	1
0.696573207	1	0
0.146457746	0	0
0.140811943	0	0
0.041853926	0	0
0.530748725	1	1
0.281926975	0	0
0.293339258	0	0
0.074221006	0	0
0.103645627	0	0
0.053198066	0	0
0.025757266	0	0
0.224327270	0	0
0.129163442	0	0
0.185122453	0	0
0.212049799	0	0
0.962194953	1	0
0.056316714	0	0
0.581436020	1	1
0.058182988	0	1
0.031502971	0	0
0.112208314	0	0
0.121829639	0	0
0.133462026	0	0
0.830782896	1	0
0.350538197	0	0
0.989918963	1	1
0.346879011	0	1
0.041652634	0	0
0.285054779	0	0
0.274649514	0	0
0.197183107	0	0
0.998012122	1	1
0.410858195	0	0
0.136118578	0	1
0.171150354	0	0
0.999703683	1	1
0.166113754	0	0
0.429308420	0	1
0.147424529	0	0
0.046846713	0	0
0.166247687	0	0
0.058944260	0	0
0.159819056	0	0
0.167097151	0	0
0.118401064	0	0
0.058358546	0	0
0.999977799	1	1
0.178638256	0	0
0.114418521	0	1
0.057528713	0	0
0.065239729	0	0
0.377029222	0	0
0.082383006	0	0
0.467933999	0	1
0.054791911	0	0
0.309610270	0	0
0.211837686	0	0
0.058186714	0	0
0.201223282	0	1
0.219380832	0	1
0.604978294	1	1
0.156962240	0	0
0.999997746	1	1
0.184912683	0	0
0.114604749	0	0
0.378654729	0	1
0.132103503	0	0
0.743037063	1	1
0.940794007	1	1
0.896318247	1	0
0.052120382	0	0
0.178639744	0	1
0.060108263	0	0
0.917445685	1	1
0.086900445	0	0
0.384820092	0	0
0.540162419	1	0
0.393550371	0	1
0.232924007	0	0
0.999881140	1	1
0.536657516	1	0
0.999999837	1	1
0.177089136	0	0
0.063448090	0	1
0.080054773	0	0
0.516337506	1	1
0.690953688	1	0
0.141800268	0	0
0.117240294	0	1
0.443991357	0	0
0.999876020	1	1
0.738046841	1	1
0.218360480	0	0
0.174019911	0	0
0.545938318	1	0
0.134610956	0	0
0.785640012	1	1
0.318983143	0	1
0.744324696	1	0
0.999068011	1	1
0.999952695	1	1
0.023754942	0	0
0.342782859	0	0
0.366434495	0	0
0.294876266	0	0
0.411002220	0	0
0.910087386	1	1
0.130986317	0	0
0.999992638	1	1
0.890040842	1	1
0.301115124	0	1
0.054304657	0	0
0.177102621	0	0
1.000000000	1	1
0.312424613	0	1
0.177810308	0	0
0.084262518	0	1
0.168371689	0	0
0.300483881	0	0
0.092019046	0	0
0.836045815	1	0
0.676160341	1	1
0.723717342	1	1
0.115604178	0	1
0.236362284	0	0
0.463075515	0	1
0.368120656	0	1
0.999999909	1	1
0.211094307	0	0
0.111175860	0	0
0.136629005	0	0
0.999999562	1	1
0.203595858	0	1
0.767362034	1	0
0.845314707	1	0
0.061664771	0	0
0.829237075	1	1
0.145867141	0	0
0.083914595	0	0
0.165283816	0	0
0.745394326	1	1
0.167196102	0	0
0.140193474	0	1
0.114411145	0	0
0.809717887	1	1
0.202768744	0	0
0.246061352	0	0
0.141085077	0	0
0.088675342	0	1
0.044301779	0	0
0.858584179	1	1
0.197233803	0	0
0.242385780	0	0
0.128245311	0	1
0.120426120	0	0
0.100062200	0	0
0.621960466	1	0
0.084380351	0	0
0.077740076	0	0
0.181666436	0	0
0.276576113	0	0
0.585135318	1	1
0.437013202	0	1
0.301890185	0	0
0.690289673	1	1
0.513880165	1	0
0.295925908	0	0
0.651892499	1	0
0.095862038	0	0
0.121685599	0	0
0.093482139	0	0
0.067567557	0	0
0.207018552	0	1
0.160233579	0	0
0.043759710	0	0
0.058553569	0	0
0.217022838	0	1
0.999608717	1	1
0.092707360	0	0
0.145141624	0	0
0.143972450	0	0
0.144693440	0	0
0.728957819	1	0
0.254734918	0	1
0.997333572	1	1
0.951142375	1	1
0.137931338	0	0
0.237730431	0	0
0.225283562	0	0
0.941478669	1	0
0.743541479	1	1
0.139853477	0	0
0.388263159	0	1
0.784995981	1	1
0.886937053	1	1
0.080286146	0	0
0.026179194	0	1
0.118077521	0	0
0.244577853	0	0
0.845976345	1	1
0.506133556	1	0
0.999957984	1	0
0.978625457	1	1
0.163687495	0	0
0.933870413	1	1
0.075166609	0	0
0.252496958	0	0
0.128066648	0	0
0.058730017	0	0
0.160286619	0	0
0.197621474	0	1
0.996836396	1	1
0.945337362	1	0
0.909166552	1	0
0.999999663	1	1
0.048740411	0	0
0.104581569	0	0
0.173062573	0	0
0.409172027	0	1
0.893680427	1	1
0.444105790	0	1
0.190529350	0	0
0.106866555	0	0
0.416741994	0	1
0.075550152	0	0
0.024854634	0	0
0.068387080	0	0
0.509343591	1	1
0.081300078	0	1
0.035444861	0	1
0.218764377	0	0
0.640962809	1	0
0.436977029	0	1
0.040085947	0	0
0.360029037	0	0
0.980029044	1	1
0.036220995	0	0
0.189278419	0	0
0.991958947	1	1
0.998513151	1	1
0.209701416	0	0
0.225481450	0	0
0.546004671	1	0
0.695080417	1	0
0.744048616	1	1
0.949990584	1	1
0.263472692	0	0
0.205720773	0	0
0.999971874	1	1
0.097155576	0	0
0.540538613	1	0
0.105658655	0	0
0.765801748	1	1
0.076589956	0	0
0.414574065	0	1
0.937107882	1	0
0.418158308	0	0
0.020839317	0	1
0.107631483	0	0
0.434889098	0	0
0.509020447	1	0
0.051922428	0	0
0.129287904	0	0
0.997728393	1	1
0.210621537	0	0
0.077648547	0	0
0.895128878	1	1
0.064981378	0	0
0.138909195	0	0
0.101302995	0	0
0.281211947	0	0
0.968981220	1	1
0.085327646	0	0
0.299808480	0	0
0.046933316	0	0
0.989554607	1	1
0.352060978	0	0
0.685367125	1	0
0.062235647	0	0
0.061144900	0	0
0.646460195	1	1
0.725370655	1	1
0.134779412	0	0
0.069170552	0	0
0.183004348	0	0
0.143691246	0	0
0.213371356	0	0
0.096757891	0	0
0.437655110	0	0
0.046726000	0	0
0.574010749	1	0
0.983473945	1	1
0.854557641	1	0
0.118984075	0	0
0.425039316	0	1
0.312798341	0	1
0.091058096	0	0
0.199137657	0	0
0.249207487	0	0
0.606930574	1	0
0.810664471	1	0
0.351957326	0	0
0.230958205	0	0
0.107492539	0	0
0.263082049	0	0
0.163813093	0	0
0.796184244	1	1
0.333691431	0	0
0.735967343	1	0
0.801638524	1	0
0.071138045	0	0
0.086690354	0	0
0.088992530	0	0
0.083804448	0	1
0.075998420	0	0
0.883018300	1	1
0.245231358	0	0
0.915641077	1	0
0.056335120	0	0
0.142467110	0	0
0.249930238	0	0
0.066835281	0	1
0.060470782	0	0
0.275846584	0	1
0.685300568	1	0
0.157794396	0	1
0.139605996	0	0
0.312618736	0	1
0.043867386	0	0
0.246495761	0	1
0.216508927	0	1
0.699246490	1	0
0.734828972	1	0
0.403664062	0	0
0.746903911	1	1
0.580176348	1	1
0.039928906	0	0
0.865274842	1	0
0.070166402	0	0
0.092079483	0	0
0.999999516	1	1
0.183019170	0	0
0.110925406	0	0
0.116955903	0	1
0.999976940	1	1
0.149712631	0	1
0.114862104	0	1
0.596765582	1	1
0.189757682	0	0
0.136635543	0	0
0.779658074	1	0
0.113370614	0	0
0.220051671	0	0
0.092977698	0	1
0.929163495	1	1
0.122679766	0	0
0.153137246	0	0
0.989474518	1	1
0.295035888	0	0
0.124972261	0	0
0.088437127	0	0
0.220671398	0	1
0.079936777	0	0
0.778535377	1	0
0.999603924	1	1
0.182085599	0	0
0.242005271	0	1
0.139313467	0	1
0.289963738	0	0
0.206809013	0	1
0.500624301	1	0
0.276116795	0	1
0.382691960	0	0
0.140266607	0	0
0.529336885	1	0
0.119096414	0	0
0.131923422	0	0
0.189935465	0	1
0.263881992	0	0
0.812143607	1	1
0.081139548	0	0
0.118726636	0	1
0.242849708	0	0
0.236705422	0	0
0.107866313	0	1
0.999494963	1	1
0.283492257	0	1
0.375773409	0	0
0.161644840	0	0
0.895245579	1	0
0.049753178	0	0
0.504894373	1	1
0.999976212	1	1
0.139812460	0	0
0.156791346	0	0
0.458583143	0	0
0.110809327	0	0
0.671388954	1	1
0.078382487	0	0
0.999995815	1	1
0.524504561	1	0
0.999959157	1	1
0.092956249	0	0
0.114784667	0	0
0.999999987	1	1
0.563443057	1	1
0.226631420	0	0
0.084845663	0	1
0.057913591	0	1
0.909349852	1	1
0.588357911	1	0
0.427175135	0	0
0.175850224	0	0
0.270029046	0	0
0.057036743	0	0
0.207622432	0	0
0.027695628	0	0
0.071988160	0	0
0.398842395	0	0
0.137541453	0	1
0.215616318	0	0
0.210990456	0	0
0.285422828	0	0
0.572033900	1	1
0.207367112	0	0
0.119088614	0	0
0.024732996	0	1
0.189533623	0	0
0.058640606	0	0
0.414196213	0	0
0.213404261	0	0
0.107201994	0	0
0.224628228	0	0
0.655855206	1	0
0.730674877	1	1
0.113681089	0	0
0.103871772	0	1
0.250038813	0	1
0.102908865	0	1
0.999996278	1	1
0.132656210	0	0
0.115735283	0	1
0.435150196	0	0
0.130050860	0	0
0.936075942	1	1
0.154406726	0	0
0.148694614	0	0
0.148802300	0	0
0.090381495	0	0
0.083892496	0	0
0.138117368	0	0
0.356556697	0	0
0.157028920	0	0
0.291582305	0	0
0.904956676	1	1
0.208748439	0	0
0.673361610	1	1
0.061025798	0	0
0.441268682	0	0
0.511650263	1	0
0.070985578	0	1
0.359467498	0	0
0.422619415	0	0
0.082782819	0	0
0.495458426	0	0
0.325472357	0	0
0.253823191	0	0
0.579277332	1	0
0.350992419	0	0
0.366239167	0	0
0.981364172	1	1
0.168302233	0	0
0.126588285	0	0
0.087094452	0	0
0.269511829	0	0
0.094341301	0	0
0.779786237	1	1
0.242502473	0	1
0.999783171	1	1
0.471779966	0	0
0.142985340	0	1
0.157964599	0	1
0.867724250	1	1
0.714684099	1	0
0.181040963	0	0
0.999964162	1	1
0.118768922	0	1
0.132115547	0	0
0.996341743	1	1
0.190105492	0	0
0.365633751	0	1
0.282070326	0	0
0.674229470	1	0
0.037896861	0	0
0.063894197	0	0
0.148203374	0	0
0.171326147	0	0
0.136723429	0	0
0.456065034	0	0
0.148879227	0	0
0.286587884	0	0
0.359317950	0	0
0.953710478	1	0
0.082877411	0	0
0.426713057	0	1
0.139743333	0	0
0.755971736	1	0
0.160435968	0	0
0.295579007	0	0
0.231938983	0	0
0.092193389	0	0
0.280989572	0	0
0.409501011	0	0
0.925676639	1	1
0.078985329	0	0
0.094047441	0	0
0.913417911	1	1
0.999999270	1	1
0.052618684	0	0
0.163694371	0	0
0.480910901	0	0
0.612063252	1	1
0.189462916	0	0
0.105080407	0	1
0.114035529	0	1
0.105926093	0	0
0.031932251	0	0
0.553438445	1	0
0.156564041	0	0
0.163194424	0	1
0.986080117	1	1
0.246416469	0	0
0.209505961	0	0
0.473225088	0	1
0.656553893	1	0
0.106163375	0	0
0.231185116	0	0
0.152825737	0	0
0.998895032	1	0
0.084128085	0	0
0.853699415	1	0
0.899112714	1	1
0.133924088	0	0
0.195881653	0	0
0.157828018	0	0
0.798381214	1	1
0.378568524	0	0
0.198634548	0	0
0.318438654	0	0
0.280584213	0	0
0.281322103	0	0
0.230179658	0	1
0.030266725	0	0
0.068504469	0	0
0.081431027	0	1
0.905288041	1	1
0.978150448	1	1
0.835292180	1	1
0.445131218	0	1
0.127430736	0	0
0.214321130	0	0
0.126718221	0	0
0.220614836	0	0
0.927610491	1	1
0.341970912	0	1
0.237343485	0	1
0.052652781	0	0
0.334478200	0	0
0.854681751	1	1
0.467076658	0	0
0.654645317	1	0
0.999999996	1	1
0.060318719	0	0
0.078036267	0	0
0.292434215	0	0
0.147200748	0	0
0.564857881	1	1
0.370890402	0	1
0.060507032	0	0
0.197405105	0	0
0.642962796	1	0
0.984508130	1	0
0.709022236	1	0
0.236434401	0	0
0.973123629	1	1
0.381571027	0	1
0.107965543	0	0
0.242108421	0	0
0.167576933	0	0
0.272031215	0	1
0.150434052	0	1
0.999991265	1	1
0.998965647	1	1
0.433559142	0	0
0.242380714	0	0
0.144658953	0	0
0.209020658	0	0
0.106781731	0	0
0.999999425	1	1
0.097767112	0	1
0.177901896	0	0
0.097671070	0	0
0.274327024	0	0
0.112734606	0	0
0.789999154	1	0
0.405128181	0	1
0.342612974	0	0
0.755372197	1	0
0.334464059	0	0
0.457798841	0	1
0.171859441	0	1
0.077737249	0	0
0.990565215	1	1
0.213388234	0	0
0.147413690	0	0
0.348268674	0	1
0.275232880	0	0
0.385349632	0	0
0.958650541	1	1
0.956915451	1	1
0.073997658	0	0
0.083605847	0	0
0.062391590	0	0
0.219682069	0	1
0.770858954	1	1
0.866095243	1	0
0.071801929	0	0
0.161327543	0	0
0.773776595	1	1
0.213718846	0	0
0.118665578	0	0
0.156418598	0	0
0.103682630	0	0
0.381499772	0	0
0.055040199	0	0
0.069593343	0	1
0.741499170	1	0
0.088503780	0	0
0.963275003	1	0
0.772565841	1	1
0.376344688	0	0
0.634118656	1	1
0.093857879	0	0
0.119662094	0	0
0.883693579	1	1
0.363375937	0	1
0.058168335	0	1
0.035636227	0	1
0.841034187	1	1
0.249825883	0	0
0.162241130	0	0
0.999999701	1	1
0.071661713	0	0
0.400549900	0	1
0.246453771	0	1
0.240144676	0	0
0.047735580	0	0
0.259040442	0	0
0.675982379	1	0
0.923004804	1	0
0.988462531	1	1
0.700169628	1	1
0.955690778	1	1
0.055182299	0	0
0.131288631	0	0
0.195410700	0	0
0.450790264	0	1
0.232786431	0	0
0.220017129	0	0
0.178298404	0	0
0.676411091	1	0
0.319656096	0	0
0.207003275	0	0
0.223599035	0	0
0.155143442	0	0
0.477928079	0	1
0.168181833	0	0
0.092808405	0	0
0.086356813	0	0
0.439505575	0	1
0.139796813	0	0
0.108367775	0	0
0.242312812	0	1
0.257721816	0	1
0.743542513	1	1
0.209201872	0	1
0.853961527	1	1
0.884039662	1	0
0.153668108	0	0
0.986407333	1	1
0.046378054	0	0
0.276597363	0	0
0.999530382	1	1
0.215661941	0	0
0.117563872	0	1
0.351884678	0	0
0.884986415	1	1
0.205294042	0	0
0.601429607	1	0
0.587271656	1	1
0.110627591	0	0
0.142501385	0	0
0.289107136	0	1
0.133539686	0	0
0.999998568	1	1
0.422966895	0	1
0.999985624	1	1
0.999879575	1	1
0.117941008	0	0
0.097955256	0	0
0.220555009	0	0
0.176504508	0	0
0.064235183	0	0
0.352821759	0	1
0.180960984	0	0
0.069323460	0	0
0.109058187	0	0
0.279353274	0	0
0.057734896	0	0
0.749788102	1	1
0.738635495	1	0
0.303337311	0	1
0.898175869	1	1
0.591903947	1	0
0.322279127	0	1
0.049764230	0	0
0.296141086	0	0
0.997409812	1	1
0.286016608	0	0
0.256031641	0	0
0.183456673	0	0
0.299778877	0	0
0.103971303	0	0
0.791531236	1	0
0.653275026	1	1
0.126436850	0	0
0.656548006	1	0
0.531818943	1	0
0.047340455	0	1
0.499735354	0	0
0.129317781	0	0
0.270578036	0	0
0.465161655	0	0
0.756562066	1	1
0.159417902	0	0
0.961392646	1	0
0.200195596	0	0
0.886845241	1	1
0.308643477	0	1
0.740452133	1	1
0.150709049	0	0
0.847822968	1	0
0.056183465	0	1
0.223936458	0	0
0.950510883	1	1
0.343251456	0	1
0.110521780	0	0
0.056489337	0	0
0.089726130	0	0
0.127472776	0	1
0.065922628	0	0
0.151818789	0	0
0.181379387	0	0
0.292303620	0	0
0.998770013	1	1
0.331454127	0	0
0.262046963	0	0
0.934800482	1	1
0.951183980	1	0
0.974914872	1	1
0.096880875	0	0
0.999904661	1	1
0.102155611	0	0
0.067704843	0	0
0.043548143	0	0
0.183575876	0	0
0.039806026	0	0
0.940443999	1	1
0.225837035	0	1
0.966512629	1	1
0.607035568	1	0
0.999901164	1	1
0.907773063	1	1
0.297043686	0	0
0.999957612	1	1
0.738611785	1	1
0.115095423	0	0
0.371753434	0	0
0.877940717	1	1
0.048472696	0	1
0.154833469	0	0
0.842913784	1	1
0.122919335	0	0
0.213651141	0	1
0.966967358	1	1
0.840155601	1	1
0.911713185	1	1
0.217126688	0	0
0.796095114	1	0
0.798800592	1	1
0.041330365	0	0
0.129740866	0	0
0.287309105	0	0
0.069384148	0	0
0.152602233	0	0
0.999893705	1	1
0.143665235	0	0
0.205950455	0	0
0.748756504	1	1
0.077392830	0	0
0.149861328	0	0
0.999780329	1	1
0.022120726	0	0
0.094459468	0	0
0.882816818	1	1
0.123062100	0	1
0.850478241	1	1
0.343527532	0	1
0.102848668	0	0
0.801184435	1	1
0.140814041	0	0
0.065509203	0	0
0.823639189	1	1
0.632613797	1	0
0.999687311	1	1
0.596046259	1	0
0.181357085	0	0
0.991791827	1	1
0.875795466	1	1
0.026587015	0	0
0.851484379	1	1
0.998304433	1	1
0.943641737	1	1
0.189206234	0	0
0.167463747	0	0
0.038221513	0	0
0.158407827	0	0
0.348742215	0	0
0.726693685	1	0
0.999234489	1	1
0.286749594	0	0
0.080433816	0	0
0.114712347	0	0
0.165302624	0	0
0.215971888	0	0
0.999425645	1	1
0.896057645	1	1
0.762478619	1	0
0.129558427	0	0
0.712381977	1	1
0.216251912	0	1
0.032034757	0	0
0.765448560	1	1
0.124915849	0	0
0.063692095	0	0
0.848713980	1	0
0.137728800	0	0
0.149818760	0	0
0.672095448	1	1
0.089276429	0	0
0.445352219	0	0
0.183092912	0	0
0.631249797	1	1
0.522107399	1	0
0.082097588	0	1
0.329120637	0	1
0.386864881	0	0
0.107231085	0	0
0.798768601	1	0
0.751978217	1	1
0.226187877	0	0
0.045418658	0	0
0.186430462	0	1
0.309727665	0	1
0.175831731	0	0
0.072886286	0	0
0.576582893	1	0
0.340701234	0	0
0.117853554	0	0
0.201383824	0	0
0.294145582	0	0
0.966517364	1	0
0.985384075	1	0
0.202843292	0	0
0.672698071	1	1
0.172148196	0	0
0.315284201	0	1
0.697044726	1	0
0.721630122	1	1
0.134829015	0	0
0.998563976	1	0
0.788786107	1	0
0.078321074	0	0
0.112384672	0	0
0.203058698	0	0
0.230344660	0	0
0.126475735	0	0
0.107098167	0	0
0.150176596	0	1
0.065535782	0	0
0.099007415	0	0
0.487687535	0	0
0.095938204	0	0
0.261840554	0	1
0.163916186	0	0
0.106436410	0	0
0.220586791	0	1
0.909090389	1	1
0.988207487	1	1
0.182753650	0	0
0.243795859	0	1
0.375339165	0	1
0.098634111	0	1
0.311227693	0	0
0.218859581	0	0
0.263472985	0	0
0.519634310	1	1
0.673781689	1	0
0.063378333	0	0
0.217138582	0	0
0.249003204	0	0
0.107873928	0	0
0.193590292	0	0
0.651240656	1	0
0.411940941	0	1
0.373157327	0	1
0.191835221	0	0
0.827905225	1	1
0.540308271	1	0
0.054833606	0	1
0.103983955	0	1
0.846473360	1	1
0.997668186	1	1
0.974211022	1	1
0.800899389	1	0
0.929602147	1	1
0.115896107	0	0
0.732381552	1	0
0.095942026	0	0
0.743415415	1	0
0.125893121	0	0
0.424291499	0	1
0.061385156	0	0
0.146314320	0	1
0.373807040	0	1
0.340201376	0	0
0.066238595	0	0
0.620370200	1	1
0.180585500	0	0
0.976737625	1	1
0.101875687	0	0
0.071572582	0	0
0.566079316	1	0
0.755040906	1	1
0.057844831	0	0
0.993171978	1	0
0.178868750	0	0
0.120566233	0	0
0.178282930	0	0
0.044535216	0	0
0.076231206	0	0
0.471865984	0	0
0.879204607	1	0
0.247591216	0	0
0.241545686	0	0
0.464328952	0	1
0.888776151	1	0
0.509137379	1	0
0.036052496	0	0
0.043392435	0	0
0.061742004	0	0
0.998382588	1	1
0.934608307	1	0
0.278962825	0	0
0.224900274	0	0
0.055627656	0	0
0.108212308	0	0
0.542434267	1	0
0.227880112	0	0
0.097085168	0	0
0.999928395	1	1
0.252181491	0	0
0.815833990	1	1
0.128912100	0	0
0.071954086	0	0
0.125401303	0	0
0.068401069	0	1
0.379398974	0	1
0.999996050	1	1
0.242679216	0	0
0.516120518	1	1
0.059195850	0	0
0.069788655	0	0
0.191350729	0	0
0.072527457	0	0
0.946199412	1	1
0.087368975	0	0
0.837944774	1	0
0.075421125	0	0
0.164821037	0	1
0.353670964	0	0
0.031685782	0	0
0.850378931	1	1
0.130190374	0	0
0.090273248	0	1
0.115426000	0	0
0.067243107	0	0
0.213342096	0	0
0.263397365	0	0
0.487012303	0	0
0.335838708	0	0
0.578052306	1	1
0.819021010	1	1
0.278346537	0	1
0.997942684	1	1
0.084095557	0	0
0.604854063	1	1
0.659891139	1	1
0.257548805	0	1
0.797160654	1	0
0.769126684	1	0
0.687582666	1	1
0.085501978	0	0
0.193364780	0	1
0.918137108	1	1
0.986361776	1	1
0.999971560	1	1
0.108710005	0	0
0.755354941	1	0
0.183179676	0	0
0.124788181	0	0
0.912507067	1	0
0.339083553	0	0
0.079374011	0	0
0.999974384	1	1
0.650412069	1	0
0.126480967	0	0
0.218488831	0	0
0.128861075	0	0
0.176450906	0	0
0.378527645	0	0
0.571656142	1	0
0.130035166	0	0
0.999999838	1	1
0.115501087	0	0
0.263821622	0	0
0.952956098	1	1
0.526835117	1	1
0.142386420	0	0
0.167667475	0	0
0.898537808	1	1
0.776057341	1	1
0.384344052	0	0
0.242428919	0	0
0.999987930	1	1
0.842199654	1	1
0.266742724	0	0
0.785644665	1	1
0.744784649	1	0
0.154765228	0	0
0.136731309	0	0
0.776101987	1	1
0.981778510	1	0
0.391703621	0	0
0.187806204	0	0
0.884833508	1	0
0.714165216	1	1
0.386467129	0	1
0.763267324	1	1
0.290331813	0	1
0.933264269	1	0
0.999916098	1	1
0.257997197	0	0
0.742056645	1	1
0.286363620	0	0
0.357181306	0	1
0.999993558	1	1
0.842013480	1	1
0.223853956	0	0
0.173669547	0	0
0.076234350	0	0
0.453280896	0	0
0.999977970	1	1
0.372953187	0	0
0.085009322	0	0
0.148412081	0	0
0.051524274	0	0
0.177613456	0	0
0.791242408	1	1
0.299681096	0	1
0.779071833	1	1
0.463124360	0	1
0.161436599	0	0
0.131841010	0	0
0.957179141	1	0
0.366152168	0	1
0.364034966	0	0
0.081873962	0	0
0.178241587	0	0
0.096525427	0	0
0.997125971	1	1
0.178907822	0	1
0.075975910	0	0
0.793527471	1	1
0.954986010	1	1
0.969647189	1	1
0.987022255	1	1
0.112189543	0	0
0.123964927	0	1
0.177758976	0	0
0.076309348	0	0
0.283515121	0	1
0.051647198	0	0
0.182438986	0	0
0.749339740	1	1
0.871840518	1	1
0.156538271	0	0
0.999756475	1	1
0.999998358	1	1
0.051189629	0	0
0.033841307	0	0
0.116193798	0	0
0.068082588	0	0
0.674536915	1	0
0.071586444	0	0
0.282944721	0	1
0.874938063	1	1
0.080709193	0	0
0.119588357	0	1
0.099360763	0	0
0.090284276	0	0
0.878767396	1	1
0.606317246	1	1
0.158773520	0	0
0.145075772	0	0
0.167649700	0	0
0.751455148	1	0
0.329397084	0	0
0.247345027	0	0
0.912396561	1	0
0.633609935	1	0
0.050335949	0	0
0.095767415	0	0
0.676209226	1	1
0.890858701	1	1
0.899985711	1	1
0.847739432	1	1
0.999999949	1	1
0.849216712	1	0
0.113416813	0	0
0.139501851	0	1
0.116881961	0	0
0.426322808	0	0
0.404868094	0	0
0.994276980	1	1
0.677252667	1	0
0.370521906	0	0
0.823784401	1	1
0.224097261	0	0
0.999834704	1	1
0.406064240	0	0
0.158862374	0	0
0.098342269	0	0
0.431416159	0	0
0.999987733	1	1
0.568985889	1	0
0.566486487	1	1
0.602735607	1	0
0.057108522	0	0
0.194247781	0	0
0.999798836	1	1
0.452321503	0	0
0.111406675	0	0
0.132252634	0	1
0.762167122	1	1
0.972628186	1	1
0.293257856	0	0
0.162205008	0	1
0.121666865	0	0
0.393805179	0	1
0.187348183	0	0
0.973926809	1	1
0.481893163	0	1
0.376446477	0	1
0.204177364	0	0
0.096812267	0	0
0.813895872	1	1
0.429431298	0	1
0.442307768	0	0
0.175929326	0	0
0.999216781	1	1
0.144060755	0	0
0.275600627	0	0
0.076968835	0	0
0.107330482	0	0
0.989845745	1	1
0.210885721	0	0
0.019680066	0	0
0.995550236	1	1
0.941462854	1	1
0.972755193	1	1
0.045406878	0	0
0.885201002	1	1
0.095099874	0	0
0.125058433	0	0
0.514170742	1	1
0.448910883	0	0
0.063573928	0	0
0.336477798	0	0
0.082480202	0	0
0.032763884	0	0
0.683944230	1	1
0.076132394	0	0
0.121087796	0	0
0.102291445	0	0
0.338553184	0	0
0.344855216	0	1
0.971136512	1	0
0.400503185	0	1
0.381919083	0	0
0.562776441	1	0
0.633178225	1	0
0.128403163	0	0
0.129244199	0	0
0.310873206	0	1
0.880272113	1	1
0.885252605	1	0
0.100380999	0	0
0.291093010	0	1
0.127406344	0	0
0.795858501	1	1
0.347916583	0	0
0.104283219	0	0
0.322686920	0	0
0.130190479	0	0
0.322654849	0	0
0.075202380	0	0
0.218831621	0	1
0.403346424	0	0
0.135571015	0	0
0.167040252	0	0
0.943031645	1	1
0.152310677	0	0
0.115799059	0	0
0.242285148	0	0
0.986739586	1	1
0.541548362	1	0
0.056996340	0	0
0.116665069	0	0
0.951148092	1	1
0.999880440	1	1
0.787094926	1	0
0.164370721	0	0
0.588676879	1	0
0.831927930	1	0
0.087139081	0	1
0.810447943	1	1
0.775972908	1	1
0.107730259	0	0
0.159743810	0	0
0.421169151	0	1
0.223077858	0	0
0.442588679	0	0
0.416069719	0	1
0.999455549	1	1
0.832430718	1	0
0.955929476	1	1
0.480173999	0	1
0.999825359	1	1
0.999992332	1	1
0.186362078	0	0
0.961585137	1	1
0.317000929	0	1
0.409377299	0	0
0.772921100	1	0
0.240632249	0	0
0.995493444	1	1
0.228896419	0	0
0.289944093	0	0
0.551448129	1	0
0.831449799	1	0
0.163002025	0	0
0.062683709	0	0
0.085043837	0	0
0.399501060	0	0
0.054485658	0	0
0.583113620	1	0
0.397072736	0	0
0.192794165	0	1
0.543017714	1	1
0.289950232	0	0
0.999997226	1	1
0.131743472	0	0
0.631762319	1	1
0.906804695	1	1
0.097100005	0	1
0.098145738	0	0
0.978110244	1	1
0.750288167	1	1
0.392696040	0	0
0.115478502	0	0
0.458918941	0	0
0.594171841	1	0
0.081040822	0	0
0.995540531	1	1
0.071228001	0	0
0.472443765	0	0
0.162300945	0	0
0.380502728	0	1
0.318102923	0	1
0.218554262	0	0
0.195775515	0	0
0.808762086	1	1
0.942098914	1	1
0.342162702	0	0
0.539676147	1	1
0.527239714	1	0
0.080052669	0	0
0.915963499	1	1
0.685403007	1	0
0.864552940	1	1
0.384390396	0	0
0.403207712	0	1
0.217472786	0	0
0.107733506	0	0
0.922985561	1	1
0.353929039	0	0
0.278864753	0	0
0.066172307	0	0
0.279016104	0	0
0.186752425	0	1
0.994934990	1	1
0.583850804	1	0
0.082560320	0	0
0.320605076	0	1
0.055518080	0	0
0.689585959	1	0
0.121495321	0	0
0.303149484	0	0
0.592184754	1	1
0.514213326	1	1
0.135086290	0	0
0.868725665	1	1
0.097902182	0	0
0.447606378	0	1
0.711274555	1	0
0.308597311	0	0
0.399470753	0	0
0.998067344	1	1
0.999999780	1	1
0.173882056	0	0
0.226735100	0	0
0.137289160	0	0
0.063742215	0	0
0.083923387	0	0
0.999249229	1	1
0.886498081	1	1
0.086718646	0	0
0.415784945	0	0
0.134261371	0	0
0.924292758	1	1
0.992050746	1	1
0.146718479	0	0
0.745317290	1	0
0.733929484	1	0
0.072173406	0	0
0.246769545	0	0
0.335822666	0	0
0.980672877	1	1
0.079795836	0	0
0.457495439	0	0
0.623983614	1	1
0.496823124	0	0
0.140150183	0	0
0.101358808	0	0
0.465498397	0	1
0.461607479	0	0
0.999999108	1	1
0.177049415	0	0
0.114094707	0	0
0.176913243	0	0
0.996268205	1	1
0.103702865	0	0
0.688759610	1	1
0.633886917	1	1
0.990821630	1	1
0.057116268	0	0
0.178166737	0	0
0.234730079	0	0
0.454644957	0	0
0.228888351	0	0
0.093243362	0	0
0.179773867	0	0
0.999996248	1	1
0.996798921	1	1
0.143221903	0	0
0.555643415	1	1
0.048913810	0	0
0.236749042	0	0
0.056938988	0	0
0.074039239	0	0
0.592357539	1	0
0.136975567	0	0
0.047921214	0	0
0.148130429	0	1
0.266508561	0	0
0.246521764	0	0
0.116879984	0	0
0.205601431	0	0
0.039240680	0	0
0.180027491	0	0
0.414621605	0	0
0.148946574	0	0
0.094508649	0	0
0.906725047	1	0
0.708751461	1	0
0.175288225	0	0
0.725842379	1	1
0.204352882	0	0
0.294901984	0	0
0.480772916	0	0
0.149463349	0	0
0.999999998	1	1
0.214802516	0	0
0.049556026	0	0
0.780161482	1	0
0.041330761	0	0
0.126186250	0	0
0.277314341	0	0
0.764685872	1	1
0.136432536	0	0
0.786411080	1	0
0.297451972	0	1
0.342362822	0	0
0.057791079	0	0
0.075248713	0	0
0.763106932	1	1
0.159186618	0	1
0.849436933	1	0
0.130856331	0	0
0.325415107	0	0
0.999765293	1	1
0.950202455	1	1
0.860407673	1	1
0.082664727	0	0
0.991178848	1	1
0.094389751	0	0
0.606210372	1	0
0.964402101	1	1
0.673390118	1	1
0.222916343	0	0
0.899136446	1	0
0.628685200	1	1
0.096658172	0	0
0.099669534	0	0
0.136089593	0	1
0.999669483	1	1
0.999529913	1	1
0.307743693	0	0
0.999987223	1	1
0.998471773	1	1
0.999999994	1	1
0.969720536	1	0
0.230611922	0	0
0.436868314	0	1
0.769613662	1	1
0.249399508	0	0
0.841767492	1	0
0.054701188	0	1
0.474424962	0	0
0.243468205	0	0
0.075683664	0	0
0.240230642	0	0
0.957331098	1	1
0.332147711	0	0
0.120737808	0	0
0.161407070	0	1
0.990840034	1	1
0.999992516	1	1
0.765890781	1	1
0.069011132	0	0
0.976117943	1	1
0.390771075	0	0
0.308113469	0	1
0.093845380	0	0
0.090169683	0	0
0.958524448	1	0
0.995707354	1	1
0.199703107	0	0
0.463511329	0	1
0.191480965	0	0
0.708850877	1	0
0.110520922	0	0
0.186688796	0	0
0.071471737	0	0
0.165643916	0	0
0.434976688	0	0
0.264881931	0	0
0.219851929	0	0
0.889914065	1	0
0.220483024	0	0
0.098046215	0	0
0.167775709	0	1
0.107549150	0	0
0.243800389	0	0
0.177799990	0	0
0.108389329	0	0
0.700480388	1	1
0.078339167	0	0
0.246096366	0	1
0.744423378	1	0
0.884837640	1	1
0.997001359	1	1
0.055774685	0	0
0.724323264	1	1
0.081700862	0	0
0.408826459	0	1
0.096094939	0	0
0.236267531	0	0
0.900719961	1	0
0.752653292	1	1
0.817399073	1	1
0.217524901	0	0
0.645595552	1	0
0.989359234	1	1
0.999791003	1	1
0.102237872	0	0
0.806379778	1	1
0.493600618	0	1
0.809299017	1	0
0.099303877	0	0
0.129778871	0	0
0.307222960	0	1
0.948539683	1	1
0.060169752	0	1
0.054647742	0	0
0.900422503	1	1
0.700310060	1	0
0.156649534	0	0
0.115234327	0	0
0.990743747	1	0
0.081461343	0	0
0.768854145	1	1
0.523050976	1	1
0.240072968	0	0
0.999999969	1	1
0.999687722	1	1
0.170600407	0	0
0.086982100	0	0
0.394551999	0	0
0.089957144	0	0
0.859955552	1	1
0.130816015	0	0
0.258901755	0	0
0.278276385	0	0
0.129228706	0	1
0.651520566	1	1
0.152571675	0	0
0.975721416	1	1
0.451505136	0	1
0.354065375	0	0
0.860049984	1	1
0.571950281	1	0
0.994061936	1	1
0.442711765	0	0
0.577831456	1	1
0.051849401	0	0
0.299683772	0	0
0.578017126	1	1
0.066663383	0	0
0.394412980	0	0
0.578679244	1	1
0.877500229	1	1
0.322225969	0	0
0.469022958	0	1
0.679986080	1	0
0.060403063	0	0
0.313267585	0	0
0.198042578	0	0
0.315994386	0	0
0.175459277	0	0
0.401541635	0	0
0.918689489	1	1
0.128593477	0	1
0.131304001	0	0
0.278861806	0	0
0.743583499	1	1
0.210077830	0	0
0.999994047	1	1
0.310611832	0	0
0.232590935	0	1
0.845684945	1	1
0.981914962	1	1
0.916303704	1	1
0.951170365	1	1
0.994451405	1	1
0.685549747	1	0
0.219287041	0	0
0.789937418	1	1
0.652672674	1	0
0.124124144	0	0
0.030123715	0	0
0.143842603	0	0
0.168760656	0	0
0.993652478	1	0
0.279460630	0	0
0.501199345	1	0
0.144055850	0	0
0.101718819	0	0
0.369335651	0	0
0.199431539	0	1
0.152061481	0	0
0.143335422	0	0
0.232381317	0	0
0.342790564	0	0
0.741679248	1	0
0.229381146	0	1
0.271860320	0	0
0.872682129	1	0
0.876028884	1	1
0.999897380	1	1
0.978698564	1	1
0.071044765	0	0
0.569410504	1	1
0.255791449	0	1
0.150699574	0	1
0.398644049	0	0
0.336997352	0	1
0.238178292	0	0
0.156202900	0	0
0.998381066	1	1
0.127711648	0	0
0.784358351	1	1
0.072523106	0	0
0.350379613	0	0
0.220910015	0	1
0.044007926	0	0
0.922883030	1	1
0.059547462	0	0
0.363794019	0	0
0.134316483	0	0
0.282342055	0	0
0.090182189	0	0
0.061556963	0	0
0.210395157	0	0
0.887260633	1	1
0.108687866	0	0
0.089629697	0	1
0.999999974	1	1
0.490696979	0	1
0.926545779	1	1
0.997122606	1	1
0.056760708	0	0
0.077361857	0	0
0.111415224	0	0
0.999986417	1	1
0.998198395	1	1
0.510601033	1	1
0.620790091	1	0
0.346925361	0	0
0.086535469	0	0
0.789645979	1	0
0.999986204	1	1
0.132130222	0	1
0.130090731	0	0
0.143846298	0	0
0.430312364	0	1
0.049003663	0	0
0.118204437	0	0
0.179356383	0	0
0.402167746	0	0
0.859891020	1	1
0.149057477	0	0
0.374418243	0	0
0.238815532	0	1
0.119535035	0	0
0.963530757	1	1
0.217892985	0	1
0.980216509	1	1
0.863047764	1	0
0.108978552	0	0
0.832601823	1	1
0.877661251	1	1
0.123681809	0	0
0.766869405	1	1
0.284709376	0	1
0.645338922	1	1
0.312261542	0	0
0.095342692	0	0
0.232070525	0	0
0.553509395	1	0
0.818949798	1	0
0.430948670	0	1
0.062478114	0	0
0.067805553	0	0
0.321677545	0	0
0.693117823	1	1
0.515392373	1	1
0.397952697	0	0
0.072830388	0	0
0.121947023	0	0
0.752410366	1	0
0.058029451	0	0
0.706001507	1	0
0.139825820	0	1
0.982515966	1	1
0.072584949	0	0
0.126599882	0	0
0.073783008	0	0
0.598223782	1	0
0.815652377	1	1
0.999999763	1	1
0.999998630	1	1
0.145914914	0	1
0.334198287	0	0
0.798514990	1	1
0.270622564	0	0
0.063904241	0	0
0.039348018	0	0
0.305694839	0	1
0.114053428	0	0
0.361777907	0	0
0.999986535	1	1
0.612311888	1	1
0.134589666	0	0
0.251888773	0	1
0.369348309	0	0
0.638591889	1	0
0.249123833	0	0
0.472428951	0	1
0.254398495	0	0
0.115585602	0	1
0.128289728	0	0
0.137265458	0	0
0.768903416	1	1
0.314350269	0	0
0.293104380	0	0
0.161896676	0	0
0.675921487	1	0
0.044078470	0	0
0.142987010	0	1
0.111879765	0	0
0.195042426	0	0
0.509615424	1	0
0.930319699	1	0
0.149489930	0	0
0.999808439	1	1
0.237999358	0	0
0.370166160	0	0
0.679508704	1	1
0.289312226	0	0
0.109730696	0	0
0.287884291	0	0
0.915664879	1	1
0.771864928	1	0
0.055702985	0	1
0.892756318	1	0
0.319418014	0	1
0.731203577	1	1
0.304628573	0	0
0.929814883	1	0
0.142993026	0	0
0.146563130	0	0
0.719300403	1	0
0.554653309	1	1
0.812550795	1	1
0.244681901	0	0
0.529488689	1	0
0.999908637	1	1
0.775151192	1	1
0.365909261	0	0
0.406519332	0	0
0.083677602	0	0
0.051861920	0	0
0.025962868	0	0
0.230001781	0	1
0.075404621	0	0
0.070547468	0	0
0.114314223	0	0
0.202911151	0	0
0.702946458	1	0
0.030599069	0	0
0.122960512	0	0
0.381359372	0	1
0.965298398	1	1
0.197129417	0	0
0.797911314	1	1
0.269192801	0	1
0.054333592	0	0
0.249535403	0	0
0.047928149	0	0
0.192584914	0	0
0.392606976	0	0
0.033705015	0	0
0.238283330	0	0
0.805090707	1	1
0.087832976	0	0
0.999996024	1	1
0.816561560	1	1
0.513794444	1	1
0.793848732	1	1
0.120553175	0	0
0.318898905	0	0
0.381964725	0	0
0.129279465	0	0
0.133470718	0	0
0.140736338	0	0
0.818187830	1	1
0.480825474	0	1
0.181579754	0	0
0.114440758	0	0
0.761573410	1	1
0.158688797	0	0
0.700380299	1	0
0.179017225	0	0
0.432658922	0	0
0.848273811	1	1
0.167952575	0	0
0.111348468	0	0
0.063581134	0	1
0.121788642	0	0
0.101822864	0	0
0.941129980	1	1
0.223389048	0	0
0.515139063	1	0
0.203135266	0	0
0.788693917	1	1
0.218428185	0	0
0.246204031	0	0
0.181637188	0	0
0.970385946	1	1
0.145589904	0	0
0.441167071	0	0
0.043545131	0	1
0.731910446	1	1
0.133984565	0	0
0.274335583	0	0
0.862400952	1	0
0.631474853	1	0
0.080441663	0	1
0.996804839	1	1
0.099209845	0	0
0.204741963	0	0
0.078041128	0	0
0.777693063	1	1
0.060407564	0	0
0.056101659	0	0
0.204335729	0	0
0.237007461	0	0
0.069073156	0	0
0.820280621	1	0
0.360316562	0	0
0.193627724	0	0
0.961732261	1	1
0.999969165	1	1
0.748238292	1	1
0.084852262	0	0
0.938128905	1	1
0.433089506	0	0
0.900195021	1	1
0.095496254	0	0
0.183731548	0	0
0.653081588	1	0
0.197565346	0	1
0.145301363	0	0
0.512835469	1	0
0.215537409	0	0
0.999999845	1	1
0.135249882	0	0
0.080779392	0	0
0.408828977	0	0
0.582326023	1	1
0.676017648	1	0
0.828320911	1	0
0.108897667	0	0
0.380839640	0	0
0.243822717	0	0
0.186602659	0	0
0.301494094	0	0
0.840032040	1	0
0.032689835	0	1
0.076081688	0	1
0.107581381	0	0
0.513010401	1	1
0.736021226	1	1
0.999926639	1	1
0.340442889	0	0
0.966949007	1	1
0.720958534	1	1
0.886638755	1	1
0.048340278	0	0
0.596425694	1	1
0.430235965	0	0
0.165741840	0	0
0.999909481	1	1
0.140044893	0	0
0.188443580	0	0
0.897902843	1	1
0.996339095	1	1
0.182650755	0	0
0.069500329	0	0
0.541579697	1	0
0.658026573	1	0
0.157738772	0	0
0.994302845	1	1
0.851186915	1	1
0.133654164	0	1
0.831071137	1	1
0.961557223	1	1
0.067389357	0	0
0.081654260	0	0
0.125590532	0	0
0.628011001	1	0
0.098042177	0	1
0.130913652	0	0
0.923878791	1	1
0.840316648	1	1
0.650165204	1	0
0.235908041	0	0
0.062158433	0	0
0.420734392	0	1
0.477214841	0	1
0.330323784	0	1
0.175591687	0	1
0.062010841	0	0
0.948013724	1	1
0.052442057	0	0
0.090863573	0	1
0.458431888	0	0
0.508892816	1	1
0.193891287	0	0
0.210522673	0	1
0.421120356	0	1
0.999999189	1	1
0.538007157	1	0
0.294093062	0	1
0.141669619	0	0
0.633063037	1	0
0.051692213	0	0
0.392861317	0	0
0.893911852	1	0
0.529757941	1	0
0.461514140	0	0
0.180377881	0	0
0.132502511	0	0
0.207691749	0	1
0.073131219	0	0
0.997136515	1	0
0.917329453	1	1
0.189106689	0	0
0.473649480	0	0
0.258691380	0	1
0.153861630	0	0
0.100134890	0	0
0.937949115	1	0
0.953735046	1	1
0.168366695	0	0
0.994788592	1	1
0.138664779	0	0
0.375160697	0	0
0.085441864	0	0
0.428070355	0	0
0.029733639	0	0
0.628195178	1	1
0.996568208	1	1
0.194930054	0	1
0.138994643	0	0
0.069307996	0	0
0.861792654	1	1
0.137378022	0	0
0.999869005	1	1
0.796798745	1	0
0.079718143	0	0
0.361573509	0	0
0.255675972	0	0
0.557082868	1	0
0.764572998	1	1
0.025469071	0	0
0.539653360	1	1
0.659097442	1	0
0.083624185	0	0
0.252115529	0	0
0.141813875	0	0
0.080946972	0	0
0.039382841	0	0
0.782396551	1	1
0.153820248	0	0
0.065789091	0	0
0.077509316	0	0
0.260180088	0	0
0.986547027	1	1
0.946063198	1	1
0.069527827	0	0
0.173420725	0	1
0.968364305	1	1
0.076744739	0	0
0.054846372	0	0
0.993949488	1	1
0.052907427	0	0
0.804663370	1	1
0.328474707	0	0
0.199599906	0	0
0.452611301	0	0
0.508861159	1	1
0.266588455	0	0
0.969691747	1	1
0.989956674	1	1
0.166556097	0	0
0.202342805	0	0
0.466153538	0	0
0.891499380	1	1
0.071154663	0	0
0.217780397	0	1
0.765848422	1	0
0.937414104	1	1
0.937762677	1	1
0.307217215	0	0
0.747106770	1	0
0.092513101	0	1
0.295267725	0	0
0.213573117	0	0
0.801797773	1	0
0.119136552	0	0
0.156240561	0	1
0.199538819	0	0
0.310499716	0	0
0.346947710	0	1
0.347604823	0	0
0.636928490	1	1
0.836045061	1	0
0.960716646	1	0
0.576538464	1	1
0.854365406	1	1
0.084808732	0	0
0.747892363	1	0
0.893710597	1	0
0.537472559	1	0
0.548092061	1	1
0.154760416	0	1
0.999999392	1	1
0.920789324	1	0
0.130702143	0	0
0.167614208	0	0
0.621292494	1	0
0.782799260	1	0
0.874573885	1	0
0.988558946	1	1
0.037951869	0	0
0.771472994	1	1
0.498471847	0	1
0.083452968	0	1
0.791380362	1	0
0.287981102	0	1
0.403741532	0	0
0.038747791	0	0
0.547856530	1	0
0.059450010	0	0
0.394670438	0	0
0.830998233	1	1
0.069551151	0	0
0.101921368	0	1
0.115622413	0	1
0.082927830	0	0
0.277434724	0	0
0.040529025	0	0
0.342615959	0	0
0.329300467	0	0
0.992923183	1	1
0.099647199	0	1
0.981820886	1	0
0.170907206	0	0
0.045397592	0	0
0.074255167	0	0
0.405948183	0	0
0.182586247	0	0
0.190101545	0	0
0.136918998	0	0
0.659676512	1	0
0.139003707	0	0
0.194842074	0	1
0.839766740	1	0
0.744979816	1	0
0.083868868	0	0
0.340247881	0	1
0.997974739	1	1
0.310597010	0	0
0.965197884	1	1
0.249476965	0	1
0.126439132	0	0
0.111191766	0	0
0.827997894	1	0
0.996232968	1	1
0.102018956	0	0
0.571128790	1	1
0.372497060	0	0
0.291669250	0	1
0.124403414	0	0
0.523204171	1	0
0.999948282	1	1
0.259981617	0	0
0.445475769	0	1
0.380707785	0	1
0.132032263	0	0
0.506466182	1	1
0.185046740	0	0
0.036295392	0	0
0.046137859	0	0
0.580339001	1	0
0.999986213	1	1
0.998859194	1	1
0.463018076	0	0
0.656202443	1	0
0.099364223	0	0
0.737910358	1	1
0.079495637	0	0
0.071300783	0	0
0.992985328	1	1
0.999909559	1	1
0.405542560	0	1
0.122537959	0	0
0.896697179	1	1
0.299639258	0	0
0.999104882	1	1
0.910559938	1	1
0.170515320	0	1
0.906798470	1	0
0.079979944	0	1
0.995924305	1	1
0.234254506	0	0
0.246393623	0	1
0.058286440	0	0
0.285198080	0	0
0.109388456	0	0
0.273490731	0	0
0.057201918	0	1
0.876528498	1	0
0.599416164	1	1
0.921437224	1	1
0.193664076	0	0
0.133400048	0	1
0.123945321	0	0
0.999999262	1	1
0.288147508	0	1
0.198549704	0	0
0.109256231	0	1
0.999821461	1	1
0.105286517	0	0
0.125997943	0	0
0.289681031	0	0
0.910013842	1	1
0.166005739	0	0
0.598269297	1	1
0.072559120	0	0
0.258998726	0	0
0.169384131	0	0
0.083496680	0	0
0.064467438	0	0
0.984230396	1	1
0.408548119	0	0
0.082661476	0	0
0.742211816	1	1
0.878078319	1	1
0.441796796	0	1
0.332791290	0	0
0.096131917	0	0
0.682540119	1	0
0.131524842	0	0
0.035924731	0	0
0.695059404	1	1
0.178153070	0	0
0.162059563	0	1
0.902648595	1	1
0.155514168	0	0
0.161415423	0	0
0.153784218	0	0
0.543947265	1	0
0.146195949	0	0
0.090801881	0	0
0.999993759	1	1
0.884969941	1	1
0.179340572	0	0
0.999998226	1	1
0.105598612	0	0
0.117269680	0	0
0.164211599	0	0
0.126253644	0	1
0.914033493	1	1
0.261002312	0	0
0.999279486	1	1
0.288620279	0	0
0.203343649	0	0
0.285764766	0	0
0.210088156	0	1
0.999944962	1	1
0.785575347	1	1
0.249708880	0	0
0.854599856	1	1
0.119459001	0	0
0.865577857	1	1
0.657619795	1	1
0.653976447	1	0
0.417158526	0	0
0.608462511	1	0
0.773028513	1	1
0.110537947	0	0
0.147084010	0	1
0.477023360	0	1
0.170361381	0	0
0.058038236	0	0
0.117750962	0	0
0.148508400	0	1
0.258665212	0	0
0.173149503	0	0
0.755576019	1	1
0.264650066	0	0
0.130088675	0	1
0.096032962	0	0
0.644633369	1	0
0.064080533	0	0
0.427564239	0	0
0.050540351	0	0
0.109041239	0	0
0.056269163	0	0
0.771232323	1	1
0.032416730	0	0
0.043703075	0	0
0.689808804	1	1
0.563022637	1	0
0.175023469	0	0
0.043612805	0	0
0.098781579	0	0
0.555590068	1	0
0.347888726	0	0
0.999975712	1	1
0.285430957	0	0
0.079482240	0	0
0.921869202	1	1
0.050732659	0	0
0.477038272	0	1
0.060935448	0	0
0.330799723	0	0
0.147978288	0	1
0.112228226	0	0
0.216221217	0	0
0.245473669	0	0
0.497652534	0	0
0.208684652	0	1
0.104296266	0	0
0.082771695	0	0
0.444377631	0	0
0.092133037	0	0
0.737040324	1	1
0.999952880	1	1
0.259635524	0	0
0.251522627	0	0
0.205120614	0	0
0.294175117	0	0
0.080268568	0	0
0.176899633	0	1
0.847252227	1	1
0.118966031	0	0
0.105271806	0	1
0.150563423	0	0
0.562079328	1	1
0.869747753	1	1
0.710508676	1	0
0.460580907	0	0
0.179839381	0	0
0.171103871	0	0
0.849554897	1	1
0.104067274	0	0
0.641715182	1	1
0.336456509	0	0
0.267481356	0	1
0.093654525	0	0
0.918105961	1	1
0.760294726	1	0
0.055072982	0	0
0.194597979	0	0
0.846010719	1	1
0.480209830	0	0
0.067208750	0	0
0.290369734	0	0
0.375936787	0	0
0.279256916	0	0
0.997495198	1	1
0.372924667	0	0
0.225527255	0	0
0.682648278	1	1
0.515827683	1	0
0.357109891	0	1
0.175405926	0	0
0.078400792	0	0
0.183892489	0	0
0.056191277	0	0
0.138064191	0	0
0.079367134	0	0
0.144074822	0	0
0.139276971	0	0
0.485690316	0	0
0.200290735	0	0
0.795295232	1	1
0.069099471	0	0
0.927017124	1	1
0.413069882	0	1
0.103355480	0	0
0.457453734	0	0
0.032129652	0	0
0.077512434	0	0
0.923912445	1	1
0.078243882	0	0
0.505710131	1	0
0.164436500	0	0
0.044437690	0	0
0.198890692	0	0
0.197453473	0	1
0.084935242	0	1
0.044649500	0	1
0.049950190	0	0
0.357464495	0	0
0.371795174	0	1
0.168370609	0	0
0.193780291	0	0
0.949504539	1	1
0.351356152	0	1
0.047412424	0	1
0.999860035	1	1
0.853875878	1	1
0.192038996	0	0
0.262282213	0	0
0.173723390	0	0
0.157415427	0	0
0.509260749	1	0
0.908463220	1	1
0.999323268	1	1
0.740654706	1	1
0.999742037	1	1
0.096831034	0	1
0.158730890	0	0
0.540229280	1	1
0.096140157	0	0
0.084594018	0	0
0.054591215	0	1
0.130925325	0	1
0.147985205	0	1
0.686859873	1	1
0.986723485	1	1
0.999879955	1	1
0.327350896	0	0
0.455634420	0	1
0.625971738	1	1
0.069770801	0	0
0.767630411	1	1
0.373301491	0	0
0.208484255	0	0
0.050076510	0	0
0.177941279	0	0
0.361314679	0	0
0.051146340	0	0
0.061941134	0	0
0.293740676	0	0
0.400466996	0	0
0.075174347	0	1
0.431167133	0	1
0.962210300	1	1
0.120713825	0	0
0.609962966	1	0
0.900760194	1	0
0.119948589	0	0
0.205274159	0	1
0.096026833	0	0
0.433991623	0	0
0.948022793	1	1
0.999923115	1	1
0.170337434	0	0
0.097112127	0	0
0.078412624	0	1
0.100341980	0	0
0.052411861	0	1
0.720329386	1	1
0.231247564	0	0
0.087455813	0	0
0.874101849	1	1
0.141347691	0	0
0.077725302	0	0
0.092932385	0	0
0.482456280	0	1
0.502060805	1	1
0.199889501	0	0
0.992632536	1	1
0.111914486	0	0
0.099101839	0	1
0.141143593	0	0
0.070652489	0	1
0.076447166	0	0
0.115956350	0	0
0.377184930	0	0
0.870672451	1	0
0.893837649	1	1
0.058007061	0	0
0.259625495	0	0
0.511454130	1	1
0.217612423	0	0
0.877256688	1	1
0.079155600	0	0
0.291573793	0	1
0.913084284	1	0
0.335141238	0	1
0.895785528	1	1
0.357109891	0	1
0.085573554	0	0
0.392146982	0	0
0.212253676	0	1
0.069481673	0	0
0.049172243	0	0
0.104181437	0	0
0.121898742	0	0
0.047986712	0	0
0.070124908	0	0
0.098251744	0	0
0.086683570	0	0
0.269045872	0	0
0.181107718	0	0
0.346954768	0	0
0.142848677	0	0
0.317490939	0	0
0.406996146	0	0
0.154490118	0	0
0.815087168	1	1
0.265134814	0	1
0.200200646	0	0
0.184128498	0	0
0.151910942	0	0
0.232450484	0	1
0.162428062	0	0
0.590769229	1	0
0.484088023	0	1
0.972161399	1	1
0.088332794	0	0
0.192430041	0	1
0.190747616	0	0
0.756147340	1	0
0.762992041	1	1
0.999973627	1	1
0.737670360	1	0
0.280517228	0	0
0.043640308	0	0
0.263584591	0	0
0.204862829	0	1
0.118301478	0	0
0.156039055	0	0
0.521831718	1	0
0.287631589	0	0
0.182133120	0	1
0.218151877	0	0
0.948987551	1	1
0.708820758	1	1
0.071634547	0	0
0.177761916	0	0
0.055901842	0	0
0.165003319	0	0
0.741823205	1	1
0.070185395	0	0
0.174573451	0	0
0.077419367	0	0
0.096492553	0	0
0.993580232	1	1
0.741005858	1	1
0.064308050	0	0
0.986834630	1	1
0.301560786	0	1
0.598028896	1	1
0.838553664	1	1
0.074204168	0	0
0.122691764	0	0
0.681295654	1	1
0.999888362	1	1
0.202158361	0	0
0.436971681	0	0
0.249623335	0	0
0.999750205	1	1
0.196382952	0	0
0.158177174	0	0
0.999302994	1	1
0.287201793	0	0
0.164890554	0	0
1.000000000	1	1
0.989337894	1	1
0.640068854	1	1
0.585090313	1	1
0.253135302	0	1
0.116724594	0	1
0.116880959	0	0
0.098741886	0	0
0.999414710	1	1
0.185349102	0	0
0.438943400	0	0
0.089364345	0	0
0.850316047	1	0
0.321978877	0	1
0.526921467	1	1
0.060031396	0	0
0.108379031	0	0
0.309894377	0	0
0.373181363	0	0
0.082750883	0	0
0.109473783	0	1
0.870936894	1	0
0.992389185	1	1
0.684453523	1	0
0.422317675	0	0
0.997174347	1	1
0.999925551	1	1
0.976743430	1	1
0.604294142	1	0
0.186305146	0	0
0.264798751	0	0
0.162266032	0	0
0.370665573	0	0
0.308805922	0	1
0.081968251	0	0
0.070968896	0	0
0.999506028	1	1
0.294462540	0	1
0.212040293	0	0
0.228855578	0	0
0.236048281	0	0
0.876400820	1	1
0.821667439	1	1
0.568847727	1	0
0.879011077	1	1
0.110360475	0	0
0.222333722	0	0
0.412687801	0	0
0.266558143	0	1
0.879963294	1	0
0.901862770	1	0
0.270362914	0	0
0.243926259	0	0
0.120513166	0	0
0.067940813	0	0
0.237934742	0	0
0.409103609	0	0
0.883644161	1	1
0.116413701	0	0
0.086734482	0	0
0.999999975	1	1
0.692836225	1	0
0.883731673	1	1
0.856975147	1	1
0.868738376	1	1
0.566238421	1	0
0.741969429	1	0
0.041363100	0	0
0.998254148	1	1
0.901774421	1	0
0.076478257	0	0
0.996858323	1	1
0.110989292	0	1
0.214261152	0	0
0.982074357	1	1
0.149321245	0	0
0.118000893	0	1
0.658166726	1	1
0.109949587	0	0
0.270963733	0	0
0.096332903	0	0
0.805905513	1	0
0.201778347	0	0
0.166797447	0	0
0.152613011	0	0
0.267036917	0	0
0.439020603	0	1
0.453287745	0	0
0.085679237	0	0
0.060330207	0	0
0.066192452	0	0
0.160583605	0	1
0.827966181	1	0
0.461985271	0	0
0.602228563	1	0
0.269751285	0	0
0.297168216	0	0
0.062130280	0	0
0.699343141	1	1
0.075693951	0	1
0.172132378	0	0
0.645562114	1	1
0.121878812	0	0
0.229586012	0	0
0.076916123	0	0
0.999999521	1	1
0.982746986	1	1
0.645268041	1	1
0.470205017	0	1
0.046860536	0	0
0.602177160	1	0
0.956213064	1	1
0.277086221	0	0
0.475285769	0	0
0.534000659	1	0
0.060310603	0	1
0.114011742	0	0
0.208425347	0	1
0.671398820	1	0
0.086657386	0	0
0.997750884	1	1
0.659342553	1	1
0.125774213	0	0
0.739811288	1	0
0.136917888	0	0
0.049754063	0	0
0.941261706	1	1
0.999704299	1	1
0.598310491	1	1
0.058550712	0	0
0.975461474	1	1
0.265666768	0	0
0.654047271	1	0
0.219733875	0	0
0.113992877	0	0
0.134165926	0	1
0.998682861	1	1
0.999999327	1	1
0.872967867	1	1
0.166459862	0	0
0.416140733	0	0
0.048056221	0	0
0.999816186	1	1
0.093404362	0	0
0.398222250	0	1
0.465479550	0	1
0.873128050	1	0
0.844796104	1	1
0.604055490	1	0
0.196002173	0	0
0.305090726	0	0
0.119201930	0	0
0.959673218	1	0
0.111162590	0	0
0.959243314	1	1
0.095934300	0	0
0.148810988	0	0
0.509563122	1	1
0.114712709	0	0
0.063195599	0	0
0.169898214	0	0
0.278590012	0	0
0.092702310	0	1
0.264375352	0	0
0.140744119	0	0
0.093164458	0	0
0.678233834	1	1
0.258636340	0	0
0.528872299	1	0
0.430091962	0	0
0.230915926	0	0
0.422504103	0	0
0.650229478	1	1
0.993655734	1	1
0.049792201	0	0
0.194377842	0	0
0.106903569	0	0
0.782205218	1	1
0.353828042	0	1
0.841650760	1	0
0.969680079	1	1
0.983244371	1	1
0.051289625	0	0
0.999953639	1	1
0.514987450	1	0
0.485019668	0	0
0.856339120	1	0
0.080652046	0	1
0.049961293	0	0
0.170580534	0	1
0.042133785	0	0
0.514137380	1	0
0.765831923	1	0
0.665141353	1	0
0.194364708	0	0
0.355947632	0	1
0.139672260	0	0
0.987776100	1	0
0.119325193	0	0
0.999611292	1	1
0.816994463	1	1
0.993660585	1	1
0.218236272	0	0
0.075289622	0	0
0.427466318	0	0
0.832137157	1	0
0.080255710	0	0
0.074906241	0	0
0.378787394	0	0
0.057227613	0	0
0.702795974	1	1
0.170252658	0	0
0.144080149	0	0
0.103851825	0	1
0.539691114	1	1
0.084404859	0	0
0.624214866	1	1
0.757543018	1	0
0.168322551	0	1
0.064994678	0	1
0.992669993	1	1
0.884654769	1	1
0.044399730	0	0
0.960028620	1	1
0.290236639	0	0
0.177454402	0	0
0.248845558	0	0
0.098522158	0	0
0.341241007	0	0
0.868534042	1	1
0.087123563	0	0
0.999999006	1	1
0.403168076	0	0
0.054563104	0	0
0.867032499	1	1
0.893151941	1	0
0.180579019	0	0
0.145666906	0	0
0.146704278	0	0
0.048722686	0	0
0.252435546	0	1
0.114699754	0	0
0.854513014	1	1
0.134667385	0	0
0.483896813	0	0
0.590564748	1	1
0.457027972	0	0
0.155944643	0	0
0.182336223	0	0
0.065129774	0	0
0.090999371	0	0
0.080522359	0	0
0.829331034	1	1
0.910375600	1	1
0.087679469	0	0
0.774829671	1	0
0.654878809	1	1
0.064365929	0	0
0.132456498	0	0
0.999995348	1	1
0.060972357	0	0
0.651614611	1	1
0.726643565	1	1
0.150986230	0	0
0.303139261	0	0
0.133459466	0	0
0.051955898	0	0
0.098682885	0	0
0.136993103	0	1
0.096902711	0	0
0.491437872	0	0
0.134212394	0	0
0.369425709	0	1
0.995240944	1	1
0.863039007	1	0
0.095165142	0	0
0.958408312	1	1
0.395399813	0	0
0.080895570	0	0
0.051566172	0	1
0.801796963	1	1
0.039779466	0	0
0.967305708	1	1
0.359683428	0	1
0.276957017	0	0
0.738929436	1	1
0.999997313	1	1
0.171743695	0	0
0.215131523	0	0
0.084755750	0	1
0.327018582	0	0
0.965247116	1	1
0.305013835	0	0
0.544818672	1	1
0.097003515	0	0
0.529517733	1	1
0.963911039	1	0
0.388596256	0	0
0.999747694	1	1
0.225187953	0	1
0.113801159	0	0
0.121860043	0	0
0.073342086	0	0
0.999994913	1	1
0.546454777	1	0
0.999872193	1	1
0.412888876	0	0
0.760515843	1	0
0.043745875	0	0
0.379296325	0	1
0.915057992	1	0
0.059415576	0	0
0.302723964	0	0
0.171840797	0	0
0.289155401	0	0
0.183435282	0	0
0.483061955	0	1
0.775927914	1	1
0.362864434	0	0
0.615308531	1	1
0.193790931	0	0
0.140133878	0	0
0.271855231	0	0
0.999999969	1	1
0.293205538	0	0
0.163190304	0	0
0.066743421	0	1
0.612335839	1	0
0.189899519	0	0
0.225328006	0	0
0.428667672	0	0
0.511311068	1	0
0.057073794	0	0
0.183677723	0	1
0.537608574	1	0
0.781860275	1	0
0.218287809	0	0
0.039434830	0	0
0.052332824	0	0
0.894901882	1	1
0.049566845	0	0
0.056653112	0	0
0.456122698	0	0
0.405373286	0	1
0.104586615	0	0
0.063296023	0	0
0.096528958	0	0
0.231829881	0	0
0.628612511	1	1
0.122318527	0	0
0.159075856	0	0
0.421043620	0	0
0.955757131	1	1
0.069309117	0	0
0.999519808	1	1
0.222947601	0	0
0.069062029	0	0
0.083834585	0	1
0.129444731	0	0
0.399048962	0	0
0.514555517	1	1
0.681034303	1	0
0.998317941	1	1
0.205431374	0	0
0.118487091	0	0
0.876341037	1	1
0.782148380	1	0
0.173364354	0	0
0.308199348	0	0
0.957519287	1	1
0.210351807	0	0
0.285718883	0	1
0.285821954	0	1
0.842979694	1	0
0.197362464	0	0
0.248162739	0	0
0.262502053	0	0
0.380559636	0	1
0.052951845	0	1
0.913304580	1	1
0.803001708	1	0
0.503456333	1	1
0.999999939	1	1
0.406282943	0	1
0.533784839	1	1
0.319361290	0	0
0.470689274	0	0
0.161009946	0	0
0.570043005	1	0
0.679319907	1	1
0.047523024	0	1
0.601470123	1	0
0.927053958	1	1
0.349367488	0	0
0.064633347	0	0
0.300688790	0	0
0.640024947	1	1
0.085585607	0	0
0.447634496	0	0
0.236745995	0	0
0.111476372	0	0
0.136968114	0	0
0.073609209	0	0
0.966622088	1	1
0.948755760	1	0
0.114309848	0	0
0.926512538	1	1
0.498641721	0	1
0.071273920	0	0
0.044765529	0	0
0.408615537	0	0
0.998334688	1	1
0.196942979	0	0
0.089962470	0	0
0.957345619	1	1
0.833171566	1	1
0.326755798	0	0
0.997606541	1	1
0.333004851	0	0
0.491762596	0	0
0.101579019	0	0
0.081935456	0	1
0.701195745	1	1
0.830689860	1	1
0.948761543	1	1
0.296599153	0	0
0.183661070	0	1
0.095417884	0	0
0.071428544	0	0
0.278478444	0	1
0.083516639	0	1
0.222613579	0	1
0.073699235	0	0
0.169517184	0	0
0.270932142	0	1
0.125517986	0	0
0.156397892	0	0
0.979992070	1	0
0.281067211	0	0
0.180158262	0	0
0.695573279	1	1
0.169604649	0	0
0.179712596	0	0
0.519660818	1	1
0.965384655	1	1
0.155470613	0	1
0.487364303	0	1
0.445576661	0	1
0.791624701	1	1
0.376602116	0	0
0.157201860	0	1
0.561984186	1	1
0.113275759	0	0
0.259359642	0	0
0.109123685	0	0
0.108721898	0	0
0.153342418	0	0
0.258176268	0	1
0.999947652	1	1
0.956182432	1	1
0.895845355	1	0
0.999990492	1	1
0.133763845	0	0
0.325933568	0	0
0.150101959	0	0
0.453462047	0	0
0.742417282	1	1
0.166974379	0	0
0.065401996	0	0
0.132618637	0	0
0.168107508	0	0
0.153561051	0	0
0.219518129	0	1
0.989799760	1	1
0.222062447	0	0
0.205359463	0	0
0.071855586	0	0
0.032791381	0	0
0.251500580	0	0
0.157934859	0	0
0.065555297	0	0
0.282976243	0	1
0.062669068	0	0
0.087880276	0	0
0.116449990	0	0
0.317649577	0	0
0.211600507	0	0
0.171335810	0	0
0.106733292	0	0
0.448725925	0	0
0.431826265	0	0
0.097666353	0	0
0.156732822	0	0
0.998389613	1	1
0.662195403	1	1
0.470666821	0	0
0.771439172	1	1
0.216387105	0	0
0.999580173	1	1
0.374518863	0	0
0.290208728	0	0
0.047863893	0	0
0.091761226	0	0
0.226662362	0	1
0.094315003	0	0
0.361064691	0	0
0.080826203	0	0
0.609972326	1	0
0.158354241	0	0
0.059195212	0	0
0.054877625	0	0
0.260770629	0	0
0.125193723	0	0
0.969111062	1	1
0.820499469	1	1
0.050475971	0	0
0.999999989	1	1
0.179814618	0	0
0.361802960	0	0
0.994723572	1	1
0.220115488	0	1
0.996323058	1	1
0.055388267	0	0
0.458640279	0	0
0.206464532	0	0
0.619990073	1	0
0.588187206	1	0
0.846580671	1	0
0.972525284	1	1
0.146267792	0	0
0.086042342	0	0
0.149325219	0	0
0.950399850	1	1
0.155808534	0	0
0.132752815	0	0
0.483979886	0	1
0.695167110	1	0
0.824546567	1	0
0.936489185	1	1
0.935838856	1	1
0.192524496	0	0
0.799438877	1	0
0.999996472	1	1
0.088904756	0	0
0.094951877	0	0
0.214729977	0	0
0.999881124	1	1
0.444109939	0	0
0.746321696	1	0
0.989606198	1	1
0.870902826	1	1
0.998544589	1	0
0.962901246	1	1
0.083772695	0	0
0.333015867	0	0
0.094647052	0	1
0.157066580	0	0
0.923390798	1	0
0.091216602	0	0
0.151819812	0	0
0.393709990	0	0
0.095170645	0	0
0.951091662	1	1
0.266888180	0	0
0.251022201	0	0
0.161247507	0	0
0.100543019	0	1
0.177422006	0	0
0.104230756	0	0
0.598269297	1	1
0.106405133	0	0
0.075255953	0	0
0.087192386	0	1
0.134469968	0	0
0.333677616	0	1
0.272224602	0	0
0.603323058	1	0
0.178501702	0	0
0.262618355	0	0
0.081011528	0	0
0.671643554	1	0
0.275838637	0	0
0.588453600	1	0
0.495845590	0	0
0.954637534	1	1
0.215267237	0	0
0.657903428	1	0
0.917795053	1	1
0.051182845	0	1
0.174491594	0	0
0.896576801	1	0
0.996161940	1	1
0.879988657	1	0
0.241201326	0	0
0.418473713	0	0
0.216961125	0	0
0.307454522	0	1
0.109682215	0	0
0.598117159	1	1
0.279600844	0	1
0.813849207	1	1
0.118449628	0	0
0.779534544	1	0
0.897766902	1	1
0.140345230	0	0
0.964164552	1	1
0.164269689	0	0
0.234918904	0	0
0.251230172	0	0
0.952135357	1	1
0.502751045	1	1
0.231138621	0	0
0.421982833	0	1
0.639907061	1	1
0.123240643	0	0
0.190966096	0	0
0.083987634	0	0
0.076461029	0	0
0.104012799	0	1
0.356642122	0	0
0.314227997	0	0
0.946569197	1	1
0.084447141	0	0
0.055257080	0	0
0.257220327	0	0
0.117268984	0	0
0.277597187	0	0
0.128881187	0	0
0.109942148	0	0
0.606775518	1	1
0.973999884	1	1
0.997164793	1	1
0.992116041	1	1
0.373910862	0	0
0.994787564	1	1
0.065908667	0	0
0.816872051	1	1
0.516805017	1	0
0.074776696	0	0
0.717957657	1	0
0.968404551	1	1
0.065962996	0	0
0.120730258	0	0
0.067394322	0	0
0.284616782	0	0
0.846293491	1	1
0.549742735	1	0
0.131220139	0	0
0.074108793	0	0
0.720908673	1	1
0.075710902	0	0
0.045177541	0	0
0.140376846	0	0
0.121006110	0	0
0.772065960	1	1
0.332182165	0	0
0.185663088	0	0
0.115075942	0	0
0.999999708	1	1
0.744850113	1	1
0.283479233	0	1
0.716029292	1	1
0.341379881	0	0
0.133003125	0	0
0.982154658	1	1
0.559598439	1	0
0.512318268	1	0
0.108870532	0	0
0.674744843	1	1
0.795933120	1	1
0.913578615	1	1
0.456308550	0	0
0.831515059	1	1
0.346963963	0	1
0.292670510	0	0
0.124024658	0	0
0.108964202	0	0
0.131357952	0	1
0.200413407	0	0
0.397267317	0	0
0.312161853	0	0
0.212844684	0	0
0.492758433	0	1
0.156457433	0	0
0.997971944	1	1
0.750411862	1	0
0.431650510	0	0
0.408488376	0	0
0.348532183	0	1
0.063404178	0	0
0.231258482	0	0
0.815596326	1	0
0.283434208	0	1
0.125615321	0	0
0.261492742	0	0
0.285649124	0	0
0.983140341	1	1
0.435777104	0	0
0.251612986	0	0
0.198560938	0	0
0.851406799	1	1
0.695866134	1	1
0.144979229	0	0
0.562443719	1	0
0.173829353	0	0
0.045652909	0	0
0.198051167	0	1
0.999995903	1	1
0.086848484	0	1
0.719757160	1	1
0.736266700	1	1
0.100646692	0	0
0.345805908	0	0
0.129889115	0	0
0.117661878	0	0
0.101212173	0	0
0.246716700	0	0
0.858129206	1	0
0.889899900	1	1
0.198355940	0	0
0.354988181	0	0
0.101620967	0	0
0.503603528	1	0
0.927618022	1	0
0.177249362	0	0
0.076382536	0	0
0.949807377	1	0
0.290284271	0	1
0.871934639	1	1
0.875909352	1	1
0.033688757	0	0
0.077319745	0	0
0.843041113	1	0
0.123197928	0	0
0.113098697	0	0
0.999987433	1	1
0.969925146	1	1
0.037392779	0	0
0.197154899	0	0
0.184395714	0	0
0.067690517	0	0
0.162588055	0	0
0.082216705	0	0
0.406044181	0	0
0.052386854	0	0
0.411312027	0	0
0.588197824	1	1
0.447664628	0	0
0.217190704	0	0
0.999999649	1	1
0.962749620	1	1
0.056311933	0	0
0.032070009	0	0
0.122647694	0	0
0.501554319	1	1
0.924796267	1	1
0.109985128	0	1
0.719806144	1	1
0.045451051	0	0
0.426896164	0	0
0.162299535	0	0
0.212256479	0	0
0.095936028	0	0
0.110975709	0	0
0.512170713	1	1
0.069469739	0	0
0.079821050	0	0
0.053289487	0	0
0.956603286	1	0
0.842922422	1	1
0.202927742	0	1
0.053214881	0	0
0.999999365	1	1
0.261521473	0	0
0.356330254	0	1
0.293725770	0	0
0.788897649	1	1
0.940819588	1	1
0.689598541	1	1
0.965326782	1	1
0.106827607	0	0
0.219666601	0	1
0.152661649	0	0
0.626831432	1	0
0.793828899	1	1
0.755083093	1	0
0.998080947	1	1
0.324314009	0	0
0.742101881	1	1
0.899149710	1	1
0.054967252	0	0
0.273328278	0	0
0.117049934	0	0
0.988432608	1	1
0.047261609	0	0
0.184089869	0	0
0.234077987	0	1
0.083631622	0	0
0.721077105	1	1
0.658940344	1	0
0.739657095	1	0
0.174217501	0	1
0.899327488	1	0
0.207610856	0	0
0.053082245	0	0
0.879370368	1	1
0.883375612	1	1
0.091305337	0	0
0.047356547	0	0
0.482419297	0	0
0.137854698	0	0
0.061369082	0	1
0.101048998	0	0
0.987530115	1	1
0.070182439	0	0
0.968135846	1	1
0.982464070	1	1
0.127950589	0	0
0.924035921	1	1
0.128115167	0	0
0.675399878	1	1
0.295010379	0	0
0.996299170	1	1
0.088240171	0	0
0.836296236	1	1
0.603693051	1	0
0.495532953	0	0
0.405368639	0	0
0.326152325	0	0
0.892976361	1	1
0.415932256	0	0
0.738647902	1	1
0.059864288	0	0
0.058654379	0	0
0.557076943	1	0
0.986483678	1	1
0.926698104	1	1
0.411318637	0	1
0.210551077	0	0
0.148570663	0	0
0.194359063	0	0
0.560869704	1	0
0.048024384	0	0
0.125985327	0	0
0.537500464	1	0
0.823864648	1	1
0.148185279	0	0
0.719118734	1	1
0.999995758	1	1
0.884265442	1	1
0.130448997	0	0
0.137801581	0	1
0.361376603	0	0
0.603722459	1	0
0.071406707	0	0
0.606953586	1	1
0.128259254	0	0
0.998734162	1	1
0.920744263	1	0
0.061021056	0	1
0.058302351	0	0
0.994904631	1	1
0.274619632	0	0
0.170576562	0	0
0.500613114	1	1
0.933050970	1	1
0.116338967	0	0
0.170104913	0	0
0.999161945	1	0
0.281442795	0	0
0.996499179	1	1
0.103801504	0	0
0.998323136	1	1
0.063609646	0	0
0.471206618	0	0
0.047217602	0	0
0.176808657	0	0
0.220487799	0	0
0.654764054	1	1
0.102314180	0	0
0.142824922	0	0
0.108951981	0	0
0.999619836	1	1
0.303610133	0	0
0.224847059	0	0
0.064315580	0	0
0.964142413	1	1
0.097248207	0	0
0.117160691	0	0
0.449960189	0	1
0.277969983	0	0
0.135016582	0	0
0.906301311	1	1
0.080108315	0	0
0.182217511	0	0
0.139914330	0	0
0.337353565	0	0
0.698348168	1	1
0.589980077	1	1
0.895426938	1	0
0.810525889	1	1
0.999999680	1	1
0.058702614	0	0
0.228990595	0	0
0.209030172	0	0
0.136062646	0	1
0.548149871	1	0
0.970634802	1	1
0.857667449	1	1
0.232250219	0	0
0.077028837	0	0
0.098517863	0	0
0.107355408	0	0
0.355783719	0	0
0.058499307	0	0
0.065253040	0	0
0.076808008	0	1
0.082024115	0	0
0.045586800	0	0
0.077137890	0	0
0.041758883	0	0
0.195569581	0	0
0.179393837	0	0
0.259477425	0	0
0.072192589	0	0
0.066629820	0	0
0.251863537	0	0
0.100147496	0	0
0.537921138	1	1
0.242696208	0	0
0.040011408	0	0
0.340918092	0	0
0.669203715	1	0
0.092781871	0	0
0.194009377	0	0
0.119104422	0	0
0.117444666	0	0
0.594055150	1	1
0.410627219	0	0
0.155250111	0	0
0.104918521	0	0
0.700533312	1	1
0.058379411	0	0
0.385623664	0	1
0.064747467	0	1
0.226126947	0	0
0.255400108	0	1
0.105512686	0	1
0.083674659	0	0
0.758728570	1	1
0.729078242	1	1
0.905497799	1	0
0.922324966	1	1
0.123166400	0	0
0.098506487	0	0
0.690634726	1	0
0.128785019	0	0
0.380672262	0	0
0.999985564	1	1
0.274447420	0	0
0.215585883	0	0
0.085589313	0	0
0.703075308	1	1
0.577363609	1	1
0.514138454	1	1
0.996424390	1	1
0.132364204	0	0
0.154922078	0	1
0.391427563	0	1
0.105219869	0	0
0.333888859	0	0
0.133237475	0	0
0.999890983	1	1
0.443992484	0	0
0.873580010	1	1
0.930199841	1	1
0.501990688	1	0
0.061663703	0	0
0.914438214	1	1
0.911710574	1	1
0.372412391	0	0
0.094639666	0	0
0.849978150	1	1
0.995079930	1	1
0.136270927	0	0
0.057486540	0	1
0.560096121	1	1
0.343966285	0	0
0.873198985	1	1
0.059278300	0	0
0.061932124	0	0
0.426887748	0	1
0.054173908	0	0
0.497670518	0	0
0.779909592	1	1
0.711303998	1	1
0.880560038	1	0
0.976538028	1	1
0.950640497	1	1
0.999974196	1	1
0.708008131	1	0
0.620402233	1	0
0.085777745	0	0
0.413004819	0	1
0.845683686	1	0
0.555592890	1	0
0.214676109	0	1
0.999935822	1	1
0.212561301	0	0
0.146111964	0	0
0.070636652	0	0
0.178929948	0	0
0.719410205	1	0
0.912289671	1	0
0.812791885	1	1
0.115102963	0	0
0.341265546	0	0
0.067762711	0	0
0.113334864	0	0
0.816679649	1	1
0.173203721	0	1
0.061071158	0	0
0.507178444	1	0
0.554145574	1	0
0.574260810	1	1
0.112928836	0	0
0.063917184	0	0
0.994800461	1	1
0.189372272	0	0
0.612252378	1	1
0.461772972	0	0
0.731078139	1	0
0.245136767	0	0
0.436455469	0	0
0.037759070	0	0
0.113801267	0	0
0.633506402	1	1
0.207572679	0	0
0.999970942	1	1
0.932018492	1	1
0.265960879	0	1
0.833204510	1	0
0.541086936	1	0
0.824287401	1	0
0.439820912	0	1
0.555969936	1	0
0.115947038	0	0
0.914080873	1	1
0.228040414	0	0
0.602662974	1	1
0.097547362	0	0
0.244992004	0	1
0.036267686	0	0
0.204389713	0	0
0.711903602	1	1
0.894788404	1	0
0.652380410	1	0
0.807548810	1	0
0.999948282	1	1
0.066862602	0	0
0.999644008	1	0
0.681097149	1	0
0.540285199	1	1
0.197250919	0	0
0.999996179	1	1
0.849505208	1	1
0.163156705	0	0
0.992509215	1	1
0.334210799	0	1
0.085187690	0	0
0.999627591	1	1
0.653099167	1	0
0.187657695	0	0
0.061526159	0	0
0.096063528	0	0
0.051319123	0	1
0.066397383	0	0
0.458494210	0	0
0.393187824	0	0
0.160629754	0	0
0.257701366	0	0
0.152897443	0	0
0.054731454	0	0
0.550788480	1	1
0.097865351	0	0
0.139815738	0	1
0.204142033	0	0
0.464090621	0	0
0.082701620	0	0
0.106484923	0	0
0.108942008	0	0
0.703810801	1	1
0.116172179	0	0
0.989912329	1	1
0.894044123	1	1
0.160875500	0	0
0.935808813	1	0
0.894346996	1	0
0.259605808	0	0
0.140022790	0	0
0.423520869	0	0
0.194137692	0	0
0.599402169	1	1
0.737538041	1	0
0.089006351	0	0
0.999906972	1	1
0.705779245	1	0
0.924710142	1	0
0.083281047	0	0
0.155727924	0	0
0.070510518	0	0
0.043303694	0	0
0.746446646	1	1
0.270765469	0	0
0.031749609	0	0
0.999998773	1	1
3101	920
0.673990077959
